pixel vinkelx vinkely
0 0.29812223633855867000 0.00033143105763041539
1 0.29774239049717816000 0.00033143105763041539
2 0.29736262422025522000 0.00033143105763041539
3 0.29698293746486742000 0.00033143105763041539
4 0.29660333018809265000 0.00033143105763041539
5 0.29622380234700879000 0.00033143105763041539
6 0.29584435389869329000 0.00033143105763041539
7 0.29546498480022426000 0.00033143105763041539
8 0.29508569500867926000 0.00033143105763041539
9 0.29470648448113607000 0.00033143105763041539
10 0.29432735317467257000 0.00033143105763041539
11 0.29394830104636643000 0.00033143105763041539
12 0.29356932805329544000 0.00033143105763041539
13 0.29319043415253748000 0.00033143105763041539
14 0.29281161930117011000 0.00033143105763041539
15 0.29243288345627133000 0.00033143105763041539
16 0.29205422657491881000 0.00033143105763041539
17 0.29167564861419021000 0.00033143105763041539
18 0.29129714953116354000 0.00033143105763041539
19 0.29091872928291634000 0.00033143105763041539
20 0.29054038782652641000 0.00033143105763041539
21 0.29016212511907175000 0.00033143105763041539
22 0.28978394111762978000 0.00033143105763041539
23 0.28940583577927864000 0.00033143105763041539
24 0.28902780906109576000 0.00033143105763041539
25 0.28864986092015915000 0.00033143105763041539
26 0.28827199131354647000 0.00033143105763041539
27 0.28789420019833550000 0.00033143105763041539
28 0.28751648753160414000 0.00033143105763041539
29 0.28713885327042993000 0.00033143105763041539
30 0.28676129737189077000 0.00033143105763041539
31 0.28638381979306443000 0.00033143105763041539
32 0.28600642049102870000 0.00033143105763041539
33 0.28562909942286135000 0.00033143105763041539
34 0.28525185654564006000 0.00033143105763041539
35 0.28487469181644270000 0.00033143105763041539
36 0.28449760519234696000 0.00033143105763041539
37 0.28412059663043071000 0.00033143105763041539
38 0.28374366608777163000 0.00033143105763041539
39 0.28336681352144749000 0.00033143105763041539
40 0.28299003888853608000 0.00033143105763041539
41 0.28261334214611528000 0.00033143105763041539
42 0.28223672325126276000 0.00033143105763041539
43 0.28186018216105618000 0.00033143105763041539
44 0.28148371883257356000 0.00033143105763041539
45 0.28110733322289244000 0.00033143105763041539
46 0.28073102528909072000 0.00033143105763041539
47 0.28035479498824606000 0.00033143105763041539
48 0.27997864227743646000 0.00033143105763041539
49 0.27960256711373949000 0.00033143105763041539
50 0.27922656945423291000 0.00033143105763041539
51 0.27885064925599451000 0.00033143105763041539
52 0.27847480647610218000 0.00033143105763041539
53 0.27809904107163369000 0.00033143105763041539
54 0.27772335299966661000 0.00033143105763041539
55 0.27734774221727881000 0.00033143105763041539
56 0.27697220868154820000 0.00033143105763041539
57 0.27659675234955233000 0.00033143105763041539
58 0.27622137317836909000 0.00033143105763041539
59 0.27584607112507625000 0.00033143105763041539
60 0.27547084614675160000 0.00033143105763041539
61 0.27509569820047280000 0.00033143105763041539
62 0.27472062724331775000 0.00033143105763041539
63 0.27434563323236422000 0.00033143105763041539
64 0.27397071612468976000 0.00033143105763041539
65 0.27359587587737250000 0.00033143105763041539
66 0.27322111244748987000 0.00033143105763041539
67 0.27284642579211987000 0.00033143105763041539
68 0.27247181586834018000 0.00033143105763041539
69 0.27209728263322847000 0.00033143105763041539
70 0.27172282604386272000 0.00033143105763041539
71 0.27134844605732061000 0.00033143105763041539
72 0.27097414263067982000 0.00033143105763041539
73 0.27059991572101832000 0.00033143105763041539
74 0.27022576528541370000 0.00033143105763041539
75 0.26985169128094372000 0.00033143105763041539
76 0.26947769366468627000 0.00033143105763041539
77 0.26910377239371913000 0.00033143105763041539
78 0.26872992742511997000 0.00033143105763041539
79 0.26835615871596658000 0.00033143105763041539
80 0.26798246622333682000 0.00033143105763041539
81 0.26760884990430839000 0.00033143105763041539
82 0.26723530971595894000 0.00033143105763041539
83 0.26686184561536647000 0.00033143105763041539
84 0.26648845755960865000 0.00033143105763041539
85 0.26611514550576326000 0.00033143105763041539
86 0.26574190941090797000 0.00033143105763041539
87 0.26536874923212067000 0.00033143105763041539
88 0.26499566492647914000 0.00033143105763041539
89 0.26462265645106114000 0.00033143105763041539
90 0.26424972376294437000 0.00033143105763041539
91 0.26387686681920658000 0.00033143105763041539
92 0.26350408557692567000 0.00033143105763041539
93 0.26313137999317932000 0.00033143105763041539
94 0.26275875002504528000 0.00033143105763041539
95 0.26238619562960136000 0.00033143105763041539
96 0.26201371676392543000 0.00033143105763041539
97 0.26164131338509505000 0.00033143105763041539
98 0.26126898545018812000 0.00033143105763041539
99 0.26089673291628251000 0.00033143105763041539
100 0.26052455574045569000 0.00033143105763041539
101 0.26015245387978575000 0.00033143105763041539
102 0.25978042729135026000 0.00033143105763041539
103 0.25940847593222710000 0.00033143105763041539
104 0.25903659975949395000 0.00033143105763041539
105 0.25866479873022868000 0.00033143105763041539
106 0.25829307280150898000 0.00033143105763041539
107 0.25792142193041262000 0.00033143105763041539
108 0.25754984607401749000 0.00033143105763041539
109 0.25717834518940114000 0.00033143105763041539
110 0.25680691923364157000 0.00033143105763041539
111 0.25643556816381635000 0.00033143105763041539
112 0.25606429193700347000 0.00033143105763041539
113 0.25569309051028050000 0.00033143105763041539
114 0.25532196384072531000 0.00033143105763041539
115 0.25495091188541569000 0.00033143105763041539
116 0.25457993460142930000 0.00033143105763041539
117 0.25420903194584404000 0.00033143105763041539
118 0.25383820387573758000 0.00033143105763041539
119 0.25346745034818779000 0.00033143105763041539
120 0.25309677132027236000 0.00033143105763041539
121 0.25272616674906906000 0.00033143105763041539
122 0.25235563659165566000 0.00033143105763041539
123 0.25198518080510995000 0.00033143105763041539
124 0.25161479934650982000 0.00033143105763041539
125 0.25124449217293282000 0.00033143105763041539
126 0.25087425924145684000 0.00033143105763041539
127 0.25050410050915967000 0.00033143105763041539
128 0.25013401593311896000 0.00033143105763041539
129 0.24976400547041272000 0.00033143105763041539
130 0.24939406907811840000 0.00033143105763041539
131 0.24902420671331410000 0.00033143105763041539
132 0.24865441833307739000 0.00033143105763041539
133 0.24828470389448604000 0.00033143105763041539
134 0.24791506335461783000 0.00033143105763041539
135 0.24754549667055054000 0.00033143105763041539
136 0.24717600379936205000 0.00033143105763041539
137 0.24680658469813005000 0.00033143105763041539
138 0.24643723932393219000 0.00033143105763041539
139 0.24606796763384647000 0.00033143105763041539
140 0.24569876958495046000 0.00033143105763041539
141 0.24532964513432204000 0.00033143105763041539
142 0.24496059423903899000 0.00033143105763041539
143 0.24459161685617908000 0.00033143105763041539
144 0.24422271294282000000 0.00033143105763041539
145 0.24385388245603951000 0.00033143105763041539
146 0.24348512535291550000 0.00033143105763041539
147 0.24311644159052564000 0.00033143105763041539
148 0.24274783112594772000 0.00033143105763041539
149 0.24237929391625962000 0.00033143105763041539
150 0.24201082991853889000 0.00033143105763041539
151 0.24164243908986355000 0.00033143105763041539
152 0.24127412138731114000 0.00033143105763041539
153 0.24090587676795966000 0.00033143105763041539
154 0.24053770518888667000 0.00033143105763041539
155 0.24016960660717007000 0.00033143105763041539
156 0.23980158097988752000 0.00033143105763041539
157 0.23943362826411690000 0.00033143105763041539
158 0.23906574841693601000 0.00033143105763041539
159 0.23869794139542250000 0.00033143105763041539
160 0.23833020715665426000 0.00033143105763041539
161 0.23796254565770886000 0.00033143105763041539
162 0.23759495685566429000 0.00033143105763041539
163 0.23722744070759821000 0.00033143105763041539
164 0.23685999717058842000 0.00033143105763041539
165 0.23649262620171280000 0.00033143105763041539
166 0.23612532775804879000 0.00033143105763041539
167 0.23575810179667450000 0.00033143105763041539
168 0.23539094827466761000 0.00033143105763041539
169 0.23502386714910578000 0.00033143105763041539
170 0.23465685837706690000 0.00033143105763041539
171 0.23428992191562864000 0.00033143105763041539
172 0.23392305772186889000 0.00033143105763041539
173 0.23355626575286542000 0.00033143105763041539
174 0.23318954596569580000 0.00033143105763041539
175 0.23282289831743802000 0.00033143105763041539
176 0.23245632276516975000 0.00033143105763041539
177 0.23208981926596878000 0.00033143105763041539
178 0.23172338777691298000 0.00033143105763041539
179 0.23135702825507992000 0.00033143105763041539
180 0.23099074065754749000 0.00033143105763041539
181 0.23062452494139346000 0.00033143105763041539
182 0.23025838106369551000 0.00033143105763041539
183 0.22989230898153151000 0.00033143105763041539
184 0.22952630865197926000 0.00033143105763041539
185 0.22916038003211642000 0.00033143105763041539
186 0.22879452307902087000 0.00033143105763041539
187 0.22842873774977041000 0.00033143105763041539
188 0.22806302400144257000 0.00033143105763041539
189 0.22769738179111537000 0.00033143105763041539
190 0.22733181107586636000 0.00033143105763041539
191 0.22696631181277355000 0.00033143105763041539
192 0.22660088395891459000 0.00033143105763041539
193 0.22623552747136727000 0.00033143105763041539
194 0.22587024230720926000 0.00033143105763041539
195 0.22550502842351855000 0.00033143105763041539
196 0.22513988577737271000 0.00033143105763041539
197 0.22477481432584961000 0.00033143105763041539
198 0.22440981402602694000 0.00033143105763041539
199 0.22404488483498258000 0.00033143105763041539
200 0.22368002670979420000 0.00033143105763041539
201 0.22331523960753957000 0.00033143105763041539
202 0.22295052348529659000 0.00033143105763041539
203 0.22258587830014293000 0.00033143105763041539
204 0.22222130400915635000 0.00033143105763041539
205 0.22185680056941465000 0.00033143105763041539
206 0.22149236793799559000 0.00033143105763041539
207 0.22112800607197697000 0.00033143105763041539
208 0.22076371492843655000 0.00033143105763041539
209 0.22039949446445201000 0.00033143105763041539
210 0.22003534463710134000 0.00033143105763041539
211 0.21967126540346210000 0.00033143105763041539
212 0.21930725672061208000 0.00033143105763041539
213 0.21894331854562915000 0.00033143105763041539
214 0.21857945083559099000 0.00033143105763041539
215 0.21821565354757538000 0.00033143105763041539
216 0.21785192663866021000 0.00033143105763041539
217 0.21748827006592314000 0.00033143105763041539
218 0.21712468378644195000 0.00033143105763041539
219 0.21676116775729443000 0.00033143105763041539
220 0.21639772193555834000 0.00033143105763041539
221 0.21603434627831136000 0.00033143105763041539
222 0.21567104074263149000 0.00033143105763041539
223 0.21530780528559629000 0.00033143105763041539
224 0.21494463986428364000 0.00033143105763041539
225 0.21458154443577121000 0.00033143105763041539
226 0.21421851895713689000 0.00033143105763041539
227 0.21385556338545847000 0.00033143105763041539
228 0.21349267767781349000 0.00033143105763041539
229 0.21312986179127996000 0.00033143105763041539
230 0.21276711568293566000 0.00033143105763041539
231 0.21240443930985814000 0.00033143105763041539
232 0.21204183262912529000 0.00033143105763041539
233 0.21167929559781501000 0.00033143105763041539
234 0.21131682817300484000 0.00033143105763041539
235 0.21095443031177269000 0.00033143105763041539
236 0.21059210197119632000 0.00033143105763041539
237 0.21022984310835341000 0.00033143105763041539
238 0.20986765368032184000 0.00033143105763041539
239 0.20950553364417940000 0.00033143105763041539
240 0.20914348295700375000 0.00033143105763041539
241 0.20878150157587277000 0.00033143105763041539
242 0.20841958945786415000 0.00033143105763041539
243 0.20805774656005566000 0.00033143105763041539
244 0.20769597283952507000 0.00033143105763041539
245 0.20733426825335016000 0.00033143105763041539
246 0.20697263275860883000 0.00033143105763041539
247 0.20661106631237863000 0.00033143105763041539
248 0.20624956887173745000 0.00033143105763041539
249 0.20588814039376307000 0.00033143105763041539
250 0.20552678083553327000 0.00033143105763041539
251 0.20516549015412572000 0.00033143105763041539
252 0.20480426830661830000 0.00033143105763041539
253 0.20444311525008879000 0.00033143105763041539
254 0.20408203094161487000 0.00033143105763041539
255 0.20372101533827430000 0.00033143105763041539
256 0.20336006839714493000 0.00033143105763041539
257 0.20299919007530448000 0.00033143105763041539
258 0.20263838032983078000 0.00033143105763041539
259 0.20227763911780156000 0.00033143105763041539
260 0.20191696639629458000 0.00033143105763041539
261 0.20155636212238764000 0.00033143105763041539
262 0.20119582625315846000 0.00033143105763041539
263 0.20083535874568487000 0.00033143105763041539
264 0.20047495955704459000 0.00033143105763041539
265 0.20011462864431545000 0.00033143105763041539
266 0.19975436596457519000 0.00033143105763041539
267 0.19939417147490152000 0.00033143105763041539
268 0.19903404513237227000 0.00033143105763041539
269 0.19867398689406529000 0.00033143105763041539
270 0.19831399671705824000 0.00033143105763041539
271 0.19795407455842884000 0.00033143105763041539
272 0.19759422037525504000 0.00033143105763041539
273 0.19723443412461444000 0.00033143105763041539
274 0.19687471576358490000 0.00033143105763041539
275 0.19651506524924417000 0.00033143105763041539
276 0.19615548253867005000 0.00033143105763041539
277 0.19579596758894019000 0.00033143105763041539
278 0.19543652035713255000 0.00033143105763041539
279 0.19507714080032473000 0.00033143105763041539
280 0.19471782887559463000 0.00033143105763041539
281 0.19435858454001992000 0.00033143105763041539
282 0.19399940775067848000 0.00033143105763041539
283 0.19364029846464798000 0.00033143105763041539
284 0.19328125663900619000 0.00033143105763041539
285 0.19292228223083091000 0.00033143105763041539
286 0.19256337519719996000 0.00033143105763041539
287 0.19220453549519106000 0.00033143105763041539
288 0.19184576308188200000 0.00033143105763041539
289 0.19148705791435050000 0.00033143105763041539
290 0.19112841994967439000 0.00033143105763041539
291 0.19076984914493139000 0.00033143105763041539
292 0.19041134545719934000 0.00033143105763041539
293 0.19005290884355597000 0.00033143105763041539
294 0.18969453926107899000 0.00033143105763041539
295 0.18933623666684629000 0.00033143105763041539
296 0.18897800101793555000 0.00033143105763041539
297 0.18861983227142459000 0.00033143105763041539
298 0.18826173038439115000 0.00033143105763041539
299 0.18790369531391299000 0.00033143105763041539
300 0.18754572701706795000 0.00033143105763041539
301 0.18718782545093371000 0.00033143105763041539
302 0.18682999057258814000 0.00033143105763041539
303 0.18647222233910887000 0.00033143105763041539
304 0.18611452070757378000 0.00033143105763041539
305 0.18575688563506065000 0.00033143105763041539
306 0.18539931707864721000 0.00033143105763041539
307 0.18504181499541122000 0.00033143105763041539
308 0.18468437934243048000 0.00033143105763041539
309 0.18432701007678270000 0.00033143105763041539
310 0.18396970715554578000 0.00033143105763041539
311 0.18361247053579738000 0.00033143105763041539
312 0.18325530017461528000 0.00033143105763041539
313 0.18289819602907725000 0.00033143105763041539
314 0.18254115805626109000 0.00033143105763041539
315 0.18218418621324456000 0.00033143105763041539
316 0.18182728045710544000 0.00033143105763041539
317 0.18147044074492152000 0.00033143105763041539
318 0.18111366703377052000 0.00033143105763041539
319 0.18075695928073021000 0.00033143105763041539
320 0.18040031744287838000 0.00033143105763041539
321 0.18004374147729285000 0.00033143105763041539
322 0.17968723134105130000 0.00033143105763041539
323 0.17933078699123156000 0.00033143105763041539
324 0.17897440838491135000 0.00033143105763041539
325 0.17861809547916851000 0.00033143105763041539
326 0.17826184823108077000 0.00033143105763041539
327 0.17790566659772594000 0.00033143105763041539
328 0.17754955053618171000 0.00033143105763041539
329 0.17719350000352591000 0.00033143105763041539
330 0.17683751495683631000 0.00033143105763041539
331 0.17648159535319063000 0.00033143105763041539
332 0.17612574114966673000 0.00033143105763041539
333 0.17576995230334230000 0.00033143105763041539
334 0.17541422877129514000 0.00033143105763041539
335 0.17505857051060303000 0.00033143105763041539
336 0.17470297747834374000 0.00033143105763041539
337 0.17434744963159499000 0.00033143105763041539
338 0.17399198692743462000 0.00033143105763041539
339 0.17363658932294035000 0.00033143105763041539
340 0.17328125677518996000 0.00033143105763041539
341 0.17292598924126129000 0.00033143105763041539
342 0.17257078667823200000 0.00033143105763041539
343 0.17221564904317993000 0.00033143105763041539
344 0.17186057629318285000 0.00033143105763041539
345 0.17150556838531855000 0.00033143105763041539
346 0.17115062527666469000 0.00033143105763041539
347 0.17079574692429916000 0.00033143105763041539
348 0.17044093328529969000 0.00033143105763041539
349 0.17008618431674399000 0.00033143105763041539
350 0.16973149997570997000 0.00033143105763041539
351 0.16937688021927527000 0.00033143105763041539
352 0.16902232500451769000 0.00033143105763041539
353 0.16866783428851501000 0.00033143105763041539
354 0.16831340802834510000 0.00033143105763041539
355 0.16795904618108554000 0.00033143105763041539
356 0.16760474870381425000 0.00033143105763041539
357 0.16725051555360892000 0.00033143105763041539
358 0.16689634668754744000 0.00033143105763041539
359 0.16654224206270735000 0.00033143105763041539
360 0.16618820163616665000 0.00033143105763041539
361 0.16583422536500297000 0.00033143105763041539
362 0.16548031320629425000 0.00033143105763041539
363 0.16512646511711804000 0.00033143105763041539
364 0.16477268105455223000 0.00033143105763041539
365 0.16441896097567460000 0.00033143105763041539
366 0.16406530483756282000 0.00033143105763041539
367 0.16371171259729483000 0.00033143105763041539
368 0.16335818421194825000 0.00033143105763041539
369 0.16300471963860091000 0.00033143105763041539
370 0.16265131883433065000 0.00033143105763041539
371 0.16229798175621507000 0.00033143105763041539
372 0.16194470836133207000 0.00033143105763041539
373 0.16159149860675942000 0.00033143105763041539
374 0.16123835244957485000 0.00033143105763041539
375 0.16088526984685608000 0.00033143105763041539
376 0.16053225075568101000 0.00033143105763041539
377 0.16017929513312734000 0.00033143105763041539
378 0.15982640293627276000 0.00033143105763041539
379 0.15947357412219526000 0.00033143105763041539
380 0.15912080864797234000 0.00033143105763041539
381 0.15876810647068196000 0.00033143105763041539
382 0.15841546754740182000 0.00033143105763041539
383 0.15806289183520972000 0.00033143105763041539
384 0.15771037929118342000 0.00033143105763041539
385 0.15735792987240066000 0.00033143105763041539
386 0.15700554353593926000 0.00033143105763041539
387 0.15665322023887690000 0.00033143105763041539
388 0.15630095993829146000 0.00033143105763041539
389 0.15594876259126073000 0.00033143105763041539
390 0.15559662815486236000 0.00033143105763041539
391 0.15524455658617414000 0.00033143105763041539
392 0.15489254784227391000 0.00033143105763041539
393 0.15454060188023938000 0.00033143105763041539
394 0.15418871865714839000 0.00033143105763041539
395 0.15383689813007867000 0.00033143105763041539
396 0.15348514025610799000 0.00033143105763041539
397 0.15313344499231413000 0.00033143105763041539
398 0.15278181229577481000 0.00033143105763041539
399 0.15243024212356787000 0.00033143105763041539
400 0.15207873443277103000 0.00033143105763041539
401 0.15172728918046208000 0.00033143105763041539
402 0.15137590632371883000 0.00033143105763041539
403 0.15102458581961897000 0.00033143105763041539
404 0.15067332762524038000 0.00033143105763041539
405 0.15032213169766068000 0.00033143105763041539
406 0.14997099799395780000 0.00033143105763041539
407 0.14961992647120936000 0.00033143105763041539
408 0.14926891708649326000 0.00033143105763041539
409 0.14891796979688721000 0.00033143105763041539
410 0.14856708455946899000 0.00033143105763041539
411 0.14821626133131632000 0.00033143105763041539
412 0.14786550006950711000 0.00033143105763041539
413 0.14751480073111894000 0.00033143105763041539
414 0.14716416327322973000 0.00033143105763041539
415 0.14681358765291713000 0.00033143105763041539
416 0.14646307382725909000 0.00033143105763041539
417 0.14611262175333323000 0.00033143105763041539
418 0.14576223138821737000 0.00033143105763041539
419 0.14541190268898924000 0.00033143105763041539
420 0.14506163561272661000 0.00033143105763041539
421 0.14471143011650733000 0.00033143105763041539
422 0.14436128615740912000 0.00033143105763041539
423 0.14401120369250980000 0.00033143105763041539
424 0.14366118267888700000 0.00033143105763041539
425 0.14331122307361865000 0.00033143105763041539
426 0.14296132483378243000 0.00033143105763041539
427 0.14261148791645611000 0.00033143105763041539
428 0.14226171227871759000 0.00033143105763041539
429 0.14191199787764441000 0.00033143105763041539
430 0.14156234467031453000 0.00033143105763041539
431 0.14121275261380567000 0.00033143105763041539
432 0.14086322166519555000 0.00033143105763041539
433 0.14051375178156195000 0.00033143105763041539
434 0.14016434291998275000 0.00033143105763041539
435 0.13981499503753558000 0.00033143105763041539
436 0.13946570809129827000 0.00033143105763041539
437 0.13911648203834864000 0.00033143105763041539
438 0.13876731683576438000 0.00033143105763041539
439 0.13841821244062330000 0.00033143105763041539
440 0.13806916881000314000 0.00033143105763041539
441 0.13772018590098173000 0.00033143105763041539
442 0.13737126367063673000 0.00033143105763041539
443 0.13702240207604605000 0.00033143105763041539
444 0.13667360107428733000 0.00033143105763041539
445 0.13632486062243848000 0.00033143105763041539
446 0.13597618067757716000 0.00033143105763041539
447 0.13562756119678121000 0.00033143105763041539
448 0.13527900213712829000 0.00033143105763041539
449 0.13493050345569629000 0.00033143105763041539
450 0.13458206510956300000 0.00033143105763041539
451 0.13423368705580602000 0.00033143105763041539
452 0.13388536925150324000 0.00033143105763041539
453 0.13353711165373244000 0.00033143105763041539
454 0.13318891421957141000 0.00033143105763041539
455 0.13284077690609780000 0.00033143105763041539
456 0.13249269967038957000 0.00033143105763041539
457 0.13214468246952432000 0.00033143105763041539
458 0.13179672526057984000 0.00033143105763041539
459 0.13144882800063401000 0.00033143105763041539
460 0.13110099064676445000 0.00033143105763041539
461 0.13075321315604910000 0.00033143105763041539
462 0.13040549548556557000 0.00033143105763041539
463 0.13005783759239170000 0.00033143105763041539
464 0.12971023943360532000 0.00033143105763041539
465 0.12936270096628416000 0.00033143105763041539
466 0.12901522214750588000 0.00033143105763041539
467 0.12866780293434849000 0.00033143105763041539
468 0.12832044328388947000 0.00033143105763041539
469 0.12797314315320679000 0.00033143105763041539
470 0.12762590249937816000 0.00033143105763041539
471 0.12727872127948142000 0.00033143105763041539
472 0.12693159945059423000 0.00033143105763041539
473 0.12658453696979438000 0.00033143105763041539
474 0.12623753379415964000 0.00033143105763041539
475 0.12589058988076790000 0.00033143105763041539
476 0.12554370518669683000 0.00033143105763041539
477 0.12519687966902415000 0.00033143105763041539
478 0.12485011328482770000 0.00033143105763041539
479 0.12450340599118526000 0.00033143105763041539
480 0.12415675774517460000 0.00033143105763041539
481 0.12381016850387344000 0.00033143105763041539
482 0.12346363822435963000 0.00033143105763041539
483 0.12311716686371083000 0.00033143105763041539
484 0.12277075437900492000 0.00033143105763041539
485 0.12242440072731958000 0.00033143105763041539
486 0.12207810586573264000 0.00033143105763041539
487 0.12173186975132189000 0.00033143105763041539
488 0.12138569234116503000 0.00033143105763041539
489 0.12103957359233991000 0.00033143105763041539
490 0.12069351346192420000 0.00033143105763041539
491 0.12034751190699572000 0.00033143105763041539
492 0.12000156888463226000 0.00033143105763041539
493 0.11965568435191160000 0.00033143105763041539
494 0.11930985826591151000 0.00033143105763041539
495 0.11896409058370971000 0.00033143105763041539
496 0.11861838126238400000 0.00033143105763041539
497 0.11827273025901214000 0.00033143105763041539
498 0.11792713753067191000 0.00033143105763041539
499 0.11758160303444110000 0.00033143105763041539
500 0.11723612672739742000 0.00033143105763041539
501 0.11689070856661876000 0.00033143105763041539
502 0.11654534850918280000 0.00033143105763041539
503 0.11620004651216725000 0.00033143105763041539
504 0.11585480253264996000 0.00033143105763041539
505 0.11550961652770880000 0.00033143105763041539
506 0.11516448845442134000 0.00033143105763041539
507 0.11481941826986541000 0.00033143105763041539
508 0.11447440593111891000 0.00033143105763041539
509 0.11412945139525948000 0.00033143105763041539
510 0.11378455461936493000 0.00033143105763041539
511 0.11343971556051297000 0.00033143105763041539
512 0.11309493417578148000 0.00033143105763041539
513 0.11275021042224820000 0.00033143105763041539
514 0.11240554425699084000 0.00033143105763041539
515 0.11206093563708724000 0.00033143105763041539
516 0.11171638451961513000 0.00033143105763041539
517 0.11137189086165228000 0.00033143105763041539
518 0.11102745462027647000 0.00033143105763041539
519 0.11068307575256547000 0.00033143105763041539
520 0.11033875421559702000 0.00033143105763041539
521 0.10999448996644895000 0.00033143105763041539
522 0.10965028296219897000 0.00033143105763041539
523 0.10930613315992493000 0.00033143105763041539
524 0.10896204051670455000 0.00033143105763041539
525 0.10861800498961566000 0.00033143105763041539
526 0.10827402653573587000 0.00033143105763041539
527 0.10793010511214307000 0.00033143105763041539
528 0.10758624067591499000 0.00033143105763041539
529 0.10724243318412957000 0.00033143105763041539
530 0.10689868259386431000 0.00033143105763041539
531 0.10655498886219711000 0.00033143105763041539
532 0.10621135194620573000 0.00033143105763041539
533 0.10586777180296802000 0.00033143105763041539
534 0.10552424838956159000 0.00033143105763041539
535 0.10518078166306438000 0.00033143105763041539
536 0.10483737158055406000 0.00033143105763041539
537 0.10449401809910835000 0.00033143105763041539
538 0.10415072117580521000 0.00033143105763041539
539 0.10380748076772223000 0.00033143105763041539
540 0.10346429683193720000 0.00033143105763041539
541 0.10312116932552801000 0.00033143105763041539
542 0.10277809820557232000 0.00033143105763041539
543 0.10243508342914792000 0.00033143105763041539
544 0.10209212495333259000 0.00033143105763041539
545 0.10174922273520409000 0.00033143105763041539
546 0.10140637673184022000 0.00033143105763041539
547 0.10106358690031875000 0.00033143105763041539
548 0.10072085319771745000 0.00033143105763041539
549 0.10037817558111400000 0.00033143105763041539
550 0.10003555400758629000 0.00033143105763041539
551 0.09969298843421209300 0.00033143105763041539
552 0.09935047881806907700 0.00033143105763041539
553 0.09900802511623507700 0.00033143105763041539
554 0.09866562728578781600 0.00033143105763041539
555 0.09832328528380518400 0.00033143105763041539
556 0.09798099906736484900 0.00033143105763041539
557 0.09763876859354458900 0.00033143105763041539
558 0.09729659381942218400 0.00033143105763041539
559 0.09695447470207535500 0.00033143105763041539
560 0.09661241119858204900 0.00033143105763041539
561 0.09627040326601982200 0.00033143105763041539
562 0.09592845086146656300 0.00033143105763041539
563 0.09558655394200005200 0.00033143105763041539
564 0.09524471246469795600 0.00033143105763041539
565 0.09490292638663816400 0.00033143105763041539
566 0.09456119566489840100 0.00033143105763041539
567 0.09421952025655638800 0.00033143105763041539
568 0.09387790011868996100 0.00033143105763041539
569 0.09353633520837684200 0.00033143105763041539
570 0.09319482548269492100 0.00033143105763041539
571 0.09285337089872175400 0.00033143105763041539
572 0.09251197141353534300 0.00033143105763041539
573 0.09217062698421324400 0.00033143105763041539
574 0.09182933756783345800 0.00033143105763041539
575 0.09148810312147354100 0.00033143105763041539
576 0.09114692360221138300 0.00033143105763041539
577 0.09080579896712465100 0.00033143105763041539
578 0.09046472917329129200 0.00033143105763041539
579 0.09012371417778891600 0.00033143105763041539
580 0.08978275393769535900 0.00033143105763041539
581 0.08944184841008839800 0.00033143105763041539
582 0.08910099755204575800 0.00033143105763041539
583 0.08876020132064527100 0.00033143105763041539
584 0.08841945967296466200 0.00033143105763041539
585 0.08807877256608176400 0.00033143105763041539
586 0.08773813995707430100 0.00033143105763041539
587 0.08739756180301999600 0.00033143105763041539
588 0.08705703806099668300 0.00033143105763041539
589 0.08671656868808208500 0.00033143105763041539
590 0.08637615364135403700 0.00033143105763041539
591 0.08603579287789020500 0.00033143105763041539
592 0.08569548635476848000 0.00033143105763041539
593 0.08535523402906658500 0.00033143105763041539
594 0.08501503585786229800 0.00033143105763041539
595 0.08467489179823339800 0.00033143105763041539
596 0.08433480180725755300 0.00033143105763041539
597 0.08399476584201270900 0.00033143105763041539
598 0.08365478385957653100 0.00033143105763041539
599 0.08331485581702674500 0.00033143105763041539
600 0.08297498167144123900 0.00033143105763041539
601 0.08263516137989768100 0.00033143105763041539
602 0.08229539489947390600 0.00033143105763041539
603 0.08195568218724769100 0.00033143105763041539
604 0.08161602320029676100 0.00033143105763041539
605 0.08127641789569889400 0.00033143105763041539
606 0.08093686623053181200 0.00033143105763041539
607 0.08059736816187340600 0.00033143105763041539
608 0.08025792364680139900 0.00033143105763041539
609 0.07991853264239351400 0.00033143105763041539
610 0.07957919510572758500 0.00033143105763041539
611 0.07923991099388133500 0.00033143105763041539
612 0.07890068026393254300 0.00033143105763041539
613 0.07856150287295898800 0.00033143105763041539
614 0.07822237877803844800 0.00033143105763041539
615 0.07788330793624870200 0.00033143105763041539
616 0.07754429030466752900 0.00033143105763041539
617 0.07720532584037259600 0.00033143105763041539
618 0.07686641450044179300 0.00033143105763041539
619 0.07652755624195284300 0.00033143105763041539
620 0.07618875102198358100 0.00033143105763041539
621 0.07584999879761161700 0.00033143105763041539
622 0.07551129952591489900 0.00033143105763041539
623 0.07517265316397109300 0.00033143105763041539
624 0.07483405966885797700 0.00033143105763041539
625 0.07449551899765344300 0.00033143105763041539
626 0.07415703110743504500 0.00033143105763041539
627 0.07381859595528073000 0.00033143105763041539
628 0.07348021349826822100 0.00033143105763041539
629 0.07314188369347524000 0.00033143105763041539
630 0.07280360649797962300 0.00033143105763041539
631 0.07246538186885909100 0.00033143105763041539
632 0.07212720976319148000 0.00033143105763041539
633 0.07178909013805445700 0.00033143105763041539
634 0.07145102295052585500 0.00033143105763041539
635 0.07111300815768345500 0.00033143105763041539
636 0.07077504571660503400 0.00033143105763041539
637 0.07043713558436831600 0.00033143105763041539
638 0.07009927771805107800 0.00033143105763041539
639 0.06976147207473115700 0.00033143105763041539
640 0.06942371861148627400 0.00033143105763041539
641 0.06908601728539415200 0.00033143105763041539
642 0.06874836805353268200 0.00033143105763041539
643 0.06841077087297953200 0.00033143105763041539
644 0.06807322570081247900 0.00033143105763041539
645 0.06773573249410935700 0.00033143105763041539
646 0.06739829120994783600 0.00033143105763041539
647 0.06706090180540580400 0.00033143105763041539
648 0.06672356423756098400 0.00033143105763041539
649 0.06638627846349115500 0.00033143105763041539
650 0.06604904444027398500 0.00033143105763041539
651 0.06571186212498741900 0.00033143105763041539
652 0.06537473147470912500 0.00033143105763041539
653 0.06503765244651682500 0.00033143105763041539
654 0.06470062499748835400 0.00033143105763041539
655 0.06436364908470154600 0.00033143105763041539
656 0.06402672466523412500 0.00033143105763041539
657 0.06368985169616375700 0.00033143105763041539
658 0.06335303013456833300 0.00033143105763041539
659 0.06301625993752563200 0.00033143105763041539
660 0.06267954106211332000 0.00033143105763041539
661 0.06234287346540928800 0.00033143105763041539
662 0.06200625710449120300 0.00033143105763041539
663 0.06166969193643684300 0.00033143105763041539
664 0.06133317791832410000 0.00033143105763041539
665 0.06099671500723064000 0.00033143105763041539
666 0.06066030316023424100 0.00033143105763041539
667 0.06032394233441268300 0.00033143105763041539
668 0.05998763248684374500 0.00033143105763041539
669 0.05965137357460514900 0.00033143105763041539
670 0.05931516555477472900 0.00033143105763041539
671 0.05897900838443032000 0.00033143105763041539
672 0.05864290202064947900 0.00033143105763041539
673 0.05830684642051015000 0.00033143105763041539
674 0.05797084154109005700 0.00033143105763041539
675 0.05763488733946703400 0.00033143105763041539
676 0.05729898377271869200 0.00033143105763041539
677 0.05696313079792297800 0.00033143105763041539
678 0.05662732837215755900 0.00033143105763041539
679 0.05629157645250021400 0.00033143105763041539
680 0.05595587499602872100 0.00033143105763041539
681 0.05562022395982085800 0.00033143105763041539
682 0.05528462330095440500 0.00033143105763041539
683 0.05494907297650714100 0.00033143105763041539
684 0.05461357294355678700 0.00033143105763041539
685 0.05427812315918123500 0.00033143105763041539
686 0.05394272358045809600 0.00033143105763041539
687 0.05360737416446520500 0.00033143105763041539
688 0.05327207486828028400 0.00033143105763041539
689 0.05293682564898127800 0.00033143105763041539
690 0.05260162646364580100 0.00033143105763041539
691 0.05226647726935163000 0.00033143105763041539
692 0.05193137802317654400 0.00033143105763041539
693 0.05159632868219837800 0.00033143105763041539
694 0.05126132920349485400 0.00033143105763041539
695 0.05092637954414375200 0.00033143105763041539
696 0.05059147966122284900 0.00033143105763041539
697 0.05025662951180981400 0.00033143105763041539
698 0.04992182905298259100 0.00033143105763041539
699 0.04958707824181884900 0.00033143105763041539
700 0.04925237703539636600 0.00033143105763041539
701 0.04891772539079292100 0.00033143105763041539
702 0.04858312326508634800 0.00033143105763041539
703 0.04824857061535425800 0.00033143105763041539
704 0.04791406739867459800 0.00033143105763041539
705 0.04757961357212503500 0.00033143105763041539
706 0.04724520909278334700 0.00033143105763041539
707 0.04691085391772736900 0.00033143105763041539
708 0.04657654800403482300 0.00033143105763041539
709 0.04624229130878337900 0.00033143105763041539
710 0.04590808378905103500 0.00033143105763041539
711 0.04557392540191540500 0.00033143105763041539
712 0.04523981610445426700 0.00033143105763041539
713 0.04490575585374539900 0.00033143105763041539
714 0.04457174460686658100 0.00033143105763041539
715 0.04423778232089564700 0.00033143105763041539
716 0.04390386895291026300 0.00033143105763041539
717 0.04357000445998832100 0.00033143105763041539
718 0.04323618879920743100 0.00033143105763041539
719 0.04290242192764548400 0.00033143105763041539
720 0.04256870380238025900 0.00033143105763041539
721 0.04223503438048942200 0.00033143105763041539
722 0.04190141361905080900 0.00033143105763041539
723 0.04156784147514219800 0.00033143105763041539
724 0.04123431790584142200 0.00033143105763041539
725 0.04090084286822609500 0.00033143105763041539
726 0.04056741631937405000 0.00033143105763041539
727 0.04023403821636312200 0.00033143105763041539
728 0.03990070851627103300 0.00033143105763041539
729 0.03956742717617556200 0.00033143105763041539
730 0.03923419415315448900 0.00033143105763041539
731 0.03890100940428553600 0.00033143105763041539
732 0.03856787288664653700 0.00033143105763041539
733 0.03823478455731521600 0.00033143105763041539
734 0.03790174437336940600 0.00033143105763041539
735 0.03756875229188677600 0.00033143105763041539
736 0.03723580826994521400 0.00033143105763041539
737 0.03690291226462233400 0.00033143105763041539
738 0.03657006423299608000 0.00033143105763041539
739 0.03623726413214412000 0.00033143105763041539
740 0.03590451191914428900 0.00033143105763041539
741 0.03557180755107425300 0.00033143105763041539
742 0.03523915098501190200 0.00033143105763041539
743 0.03490654217803490500 0.00033143105763041539
744 0.03457398108722109500 0.00033143105763041539
745 0.03424146766964825100 0.00033143105763041539
746 0.03390900188239409600 0.00033143105763041539
747 0.03357658368253646500 0.00033143105763041539
748 0.03324421302715302500 0.00033143105763041539
749 0.03291188987332166500 0.00033143105763041539
750 0.03257961417812005300 0.00033143105763041539
751 0.03224738589862608000 0.00033143105763041539
752 0.03191520499191735600 0.00033143105763041539
753 0.03158307141507177300 0.00033143105763041539
754 0.03125098512516710800 0.00033143105763041539
755 0.03091894607928102900 0.00033143105763041539
756 0.03058695423449142600 0.00033143105763041539
757 0.03025500954787591100 0.00033143105763041539
758 0.02992311197651242900 0.00033143105763041539
759 0.02959126147747870300 0.00033143105763041539
760 0.02925945800785240100 0.00033143105763041539
761 0.02892770152471141300 0.00033143105763041539
762 0.02859599198513346200 0.00033143105763041539
763 0.02826432934619632600 0.00033143105763041539
764 0.02793271356497778500 0.00033143105763041539
765 0.02760114459855556000 0.00033143105763041539
766 0.02726962240400748700 0.00033143105763041539
767 0.02693814693841128900 0.00033143105763041539
768 0.02660671815884474400 0.00033143105763041539
769 0.02627533602238563100 0.00033143105763041539
770 0.02594400048611172900 0.00033143105763041539
771 0.02561271150710087200 0.00033143105763041539
772 0.02528146904243067100 0.00033143105763041539
773 0.02495027304917901700 0.00033143105763041539
774 0.02461912348442363300 0.00033143105763041539
775 0.02428802030524235300 0.00033143105763041539
776 0.02395696346871290000 0.00033143105763041539
777 0.02362595293191299700 0.00033143105763041539
778 0.02329498865192047900 0.00033143105763041539
779 0.02296407058581306800 0.00033143105763041539
780 0.02263319869066859900 0.00033143105763041539
781 0.02230237292356485000 0.00033143105763041539
782 0.02197159324157949000 0.00033143105763041539
783 0.02164085960179040800 0.00033143105763041539
784 0.02131017196127527000 0.00033143105763041539
785 0.02097953027711191300 0.00033143105763041539
786 0.02064893450637805800 0.00033143105763041539
787 0.02031838460615154100 0.00033143105763041539
788 0.01998788053351008300 0.00033143105763041539
789 0.01965742224553152000 0.00033143105763041539
790 0.01932700969929351800 0.00033143105763041539
791 0.01899664285187391300 0.00033143105763041539
792 0.01866632166035048200 0.00033143105763041539
793 0.01833604608180089400 0.00033143105763041539
794 0.01800581607330309400 0.00033143105763041539
795 0.01767563159193474800 0.00033143105763041539
796 0.01734549259477363700 0.00033143105763041539
797 0.01701539903889748300 0.00033143105763041539
798 0.01668535088138412000 0.00033143105763041539
799 0.01635534807931132700 0.00033143105763041539
800 0.01602539058975688300 0.00033143105763041539
801 0.01569547836979851000 0.00033143105763041539
802 0.01536561137651398800 0.00033143105763041539
803 0.01503578956698109500 0.00033143105763041539
804 0.01470601289827760900 0.00033143105763041539
805 0.01437628132748125500 0.00033143105763041539
806 0.01404659481166992100 0.00033143105763041539
807 0.01371695330792122000 0.00033143105763041539
808 0.01338735677331309700 0.00033143105763041539
809 0.01305780516492316400 0.00033143105763041539
810 0.01272829843982925500 0.00033143105763041539
811 0.01239883655510915000 0.00033143105763041539
812 0.01206941946784062500 0.00033143105763041539
813 0.01174004713510135000 0.00033143105763041539
814 0.01141071951396927000 0.00033143105763041539
815 0.01108143656152210700 0.00033143105763041539
816 0.01075219823483747300 0.00033143105763041539
817 0.01042300449099337100 0.00033143105763041539
818 0.01009385528706735500 0.00033143105763041539
819 0.00976475058013737130 0.00033143105763041539
820 0.00943569032728108770 0.00033143105763041539
821 0.00910667448557633820 0.00033143105763041539
822 0.00877770301210079040 0.00033143105763041539
823 0.00844877586393233400 0.00033143105763041539
824 0.00811989299814869230 0.00033143105763041539
825 0.00779105437182758820 0.00033143105763041539
826 0.00746225994204685610 0.00033143105763041539
827 0.00713350966588427450 0.00033143105763041539
828 0.00680480350041756670 0.00033143105763041539
829 0.00647614140272451120 0.00033143105763041539
830 0.00614752332988294240 0.00033143105763041539
831 0.00581894923897052770 0.00033143105763041539
832 0.00549041908706510150 0.00033143105763041539
833 0.00516193283124444240 0.00033143105763041539
834 0.00483349042858621790 0.00033143105763041539
835 0.00450509183616837340 0.00033143105763041539
836 0.00417673701106852090 0.00033143105763041539
837 0.00384842591036455020 0.00033143105763041539
838 0.00352015849113418430 0.00033143105763041539
839 0.00319193471045514650 0.00033143105763041539
840 0.00286375452540527100 0.00033143105763041539
841 0.00253561789306228080 0.00033143105763041539
842 0.00220752477050395470 0.00033143105763041539
843 0.00187947511480812680 0.00033143105763041539
844 0.00155146888305246480 0.00033143105763041539
845 0.00122350603231485830 0.00033143105763041539
846 0.00089558651967297509 0.00033143105763041539
847 0.00056771030220459373 0.00033143105763041539
848 0.00023987733698754843 0.00033143105763041539
849 -0.00008791241890038215 0.00033143105763041539
850 -0.00041565900838153036 0.00033143105763041539
851 -0.00074336247437795100 0.00033143105763041539
852 -0.00107102285981214300 0.00033143105763041539
853 -0.00139864020760610550 0.00033143105763041539
854 -0.00172621456068211550 0.00033143105763041539
855 -0.00205374596196244990 0.00033143105763041539
856 -0.00238123445436932980 0.00033143105763041539
857 -0.00270868008082497670 0.00033143105763041539
858 -0.00303608288425161190 0.00033143105763041539
859 -0.00336344290757140120 0.00033143105763041539
860 -0.00369076019370678800 0.00033143105763041539
861 -0.00401803478557971610 0.00033143105763041539
862 -0.00434526672611262880 0.00033143105763041539
863 -0.00467245605822769190 0.00033143105763041539
864 -0.00499960282484701590 0.00033143105763041539
865 -0.00532670706889304400 0.00033143105763041539
866 -0.00565376883328788660 0.00033143105763041539
867 -0.00598078816095376500 0.00033143105763041539
868 -0.00630776509481290050 0.00033143105763041539
869 -0.00663469967778762550 0.00033143105763041539
870 -0.00696159195280005030 0.00033143105763041539
871 -0.00728844196277245170 0.00033143105763041539
872 -0.00761524975062710660 0.00033143105763041539
873 -0.00794201535928612530 0.00033143105763041539
874 -0.00826873883167184020 0.00033143105763041539
875 -0.00859542021070641700 0.00033143105763041539
876 -0.00892205953931218820 0.00033143105763041539
877 -0.00924865686041126400 0.00033143105763041539
878 -0.00957521221692592130 0.00033143105763041539
879 -0.00990172565177838140 0.00033143105763041539
880 -0.01022819720789092100 0.00033143105763041539
881 -0.01055462692818565100 0.00033143105763041539
882 -0.01088101485558495800 0.00033143105763041539
883 -0.01120736103301095400 0.00033143105763041539
884 -0.01153366550338597000 0.00033143105763041539
885 -0.01185992830963211700 0.00033143105763041539
886 -0.01218614949467167200 0.00033143105763041539
887 -0.01251232910142691100 0.00033143105763041539
888 -0.01283846717282005600 0.00033143105763041539
889 -0.01316456375177321700 0.00033143105763041539
890 -0.01349061888120878200 0.00033143105763041539
891 -0.01381663260404891700 0.00033143105763041539
892 -0.01414260496321578800 0.00033143105763041539
893 -0.01446853600163172700 0.00033143105763041539
894 -0.01479442576221889900 0.00033143105763041539
895 -0.01512027428789958200 0.00033143105763041539
896 -0.01544608162159599700 0.00033143105763041539
897 -0.01577184780623036600 0.00033143105763041539
898 -0.01609757288472479800 0.00033143105763041539
899 -0.01642325690000168100 0.00033143105763041539
900 -0.01674889989498323800 0.00033143105763041539
901 -0.01707450191259168900 0.00033143105763041539
902 -0.01740006299574914400 0.00033143105763041539
903 -0.01772558318737793600 0.00033143105763041539
904 -0.01805106253040028600 0.00033143105763041539
905 -0.01837650106773841600 0.00033143105763041539
906 -0.01870189884231454600 0.00033143105763041539
907 -0.01902725589705095400 0.00033143105763041539
908 -0.01935257227486980600 0.00033143105763041539
909 -0.01967784801869332200 0.00033143105763041539
910 -0.02000308317144378100 0.00033143105763041539
911 -0.02032827777604345700 0.00033143105763041539
912 -0.02065343187541440800 0.00033143105763041539
913 -0.02097854551247907400 0.00033143105763041539
914 -0.02130361873015951300 0.00033143105763041539
915 -0.02162865157137805500 0.00033143105763041539
916 -0.02195364407905692200 0.00033143105763041539
917 -0.02227859629611828000 0.00033143105763041539
918 -0.02260350826548440700 0.00033143105763041539
919 -0.02292838003007752200 0.00033143105763041539
920 -0.02325321163281984800 0.00033143105763041539
921 -0.02357800311663371700 0.00033143105763041539
922 -0.02390275452444118300 0.00033143105763041539
923 -0.02422746589916458000 0.00033143105763041539
924 -0.02455213728372612800 0.00033143105763041539
925 -0.02487676872104799300 0.00033143105763041539
926 -0.02520136025405250700 0.00033143105763041539
927 -0.02552591192566183700 0.00033143105763041539
928 -0.02585042377879820400 0.00033143105763041539
929 -0.02617489585638388400 0.00033143105763041539
930 -0.02649932820134109900 0.00033143105763041539
931 -0.02682372085659201500 0.00033143105763041539
932 -0.02714807386505890800 0.00033143105763041539
933 -0.02747238726966400000 0.00033143105763041539
934 -0.02779666111332956800 0.00033143105763041539
935 -0.02812089543897777800 0.00033143105763041539
936 -0.02844509028953090500 0.00033143105763041539
937 -0.02876924570791111700 0.00033143105763041539
938 -0.02909336173704069100 0.00033143105763041539
939 -0.02941743841984184600 0.00033143105763041539
940 -0.02974147579923686100 0.00033143105763041539
941 -0.03006547391814784500 0.00033143105763041539
942 -0.03038943281949713100 0.00033143105763041539
943 -0.03071335254620688500 0.00033143105763041539
944 -0.03103723314119943800 0.00033143105763041539
945 -0.03136107464739690300 0.00033143105763041539
946 -0.03168487710772155400 0.00033143105763041539
947 -0.03200864056509567000 0.00033143105763041539
948 -0.03233236506244135900 0.00033143105763041539
949 -0.03265605064268095600 0.00033143105763041539
950 -0.03297969734873668100 0.00033143105763041539
951 -0.03330330522353075500 0.00033143105763041539
952 -0.03362687430998534400 0.00033143105763041539
953 -0.03395040465102272500 0.00033143105763041539
954 -0.03427389628956517600 0.00033143105763041539
955 -0.03459734926853486000 0.00033143105763041539
956 -0.03492076363085405700 0.00033143105763041539
957 -0.03524413941944487500 0.00033143105763041539
958 -0.03556747667722970400 0.00033143105763041539
959 -0.03589077544713076300 0.00033143105763041539
960 -0.03621403577207010800 0.00033143105763041539
961 -0.03653725769497018200 0.00033143105763041539
962 -0.03686044125875304100 0.00033143105763041539
963 -0.03718358650634101500 0.00033143105763041539
964 -0.03750669348065632800 0.00033143105763041539
965 -0.03782976222462120000 0.00033143105763041539
966 -0.03815279278115779600 0.00033143105763041539
967 -0.03847578519318845000 0.00033143105763041539
968 -0.03879873950363527100 0.00033143105763041539
969 -0.03912165575542064800 0.00033143105763041539
970 -0.03944453399146669000 0.00033143105763041539
971 -0.03976737425469567500 0.00033143105763041539
972 -0.04009017658802976900 0.00033143105763041539
973 -0.04041294103439124800 0.00033143105763041539
974 -0.04073566763670238800 0.00033143105763041539
975 -0.04105835643788530200 0.00033143105763041539
976 -0.04138100748086237500 0.00033143105763041539
977 -0.04170362080855571900 0.00033143105763041539
978 -0.04202619646388761100 0.00033143105763041539
979 -0.04234873448978021500 0.00033143105763041539
980 -0.04267123492915581000 0.00033143105763041539
981 -0.04299369782493667200 0.00033143105763041539
982 -0.04331612322004496600 0.00033143105763041539
983 -0.04363851115740297000 0.00033143105763041539
984 -0.04396086167993285000 0.00033143105763041539
985 -0.04428317483055688200 0.00033143105763041539
986 -0.04460545065219723200 0.00033143105763041539
987 -0.04492768918777628700 0.00033143105763041539
988 -0.04524989048021604800 0.00033143105763041539
989 -0.04557205457243895800 0.00033143105763041539
990 -0.04589418150736707100 0.00033143105763041539
991 -0.04621627132792283100 0.00033143105763041539
992 -0.04653832407702823700 0.00033143105763041539
993 -0.04686033979760562100 0.00033143105763041539
994 -0.04718231853257726100 0.00033143105763041539
995 -0.04750426032486521100 0.00033143105763041539
996 -0.04782616521739196900 0.00033143105763041539
997 -0.04814803325307959200 0.00033143105763041539
998 -0.04846986447485024400 0.00033143105763041539
999 -0.04879165892562636900 0.00033143105763041539
1000 -0.04911341664832996600 0.00033143105763041539
1001 -0.04943513768588347900 0.00033143105763041539
1002 -0.04975682208120896200 0.00033143105763041539
1003 -0.05007846987722874800 0.00033143105763041539
1004 -0.05040008111686505900 0.00033143105763041539
1005 -0.05072165584304000300 0.00033143105763041539
1006 -0.05104319409867597000 0.00033143105763041539
1007 -0.05136469592669512500 0.00033143105763041539
1008 -0.05168616137001974500 0.00033143105763041539
1009 -0.05200759047157194100 0.00033143105763041539
1010 -0.05232898327427404400 0.00033143105763041539
1011 -0.05265033982104822000 0.00033143105763041539
1012 -0.05297166015481680200 0.00033143105763041539
1013 -0.05329294431850184500 0.00033143105763041539
1014 -0.05361419235502573600 0.00033143105763041539
1015 -0.05393540430731069700 0.00033143105763041539
1016 -0.05425658021827883800 0.00033143105763041539
1017 -0.05457772013085254700 0.00033143105763041539
1018 -0.05489882408795387900 0.00033143105763041539
1019 -0.05521989213250516600 0.00033143105763041539
1020 -0.05554092430742868500 0.00033143105763041539
1021 -0.05586192065564654600 0.00033143105763041539
1022 -0.05618288122008108200 0.00033143105763041539
1023 -0.05650380604365445900 0.00033143105763041539
1024 -0.05682469516928895200 0.00033143105763041539
1025 -0.05714554863990667400 0.00033143105763041539
1026 -0.05746636649843006600 0.00033143105763041539
1027 -0.05778714878778112900 0.00033143105763041539
1028 -0.05810789555088230500 0.00033143105763041539
1029 -0.05842860683065559400 0.00033143105763041539
1030 -0.05874928267002349500 0.00033143105763041539
1031 -0.05906992311190800700 0.00033143105763041539
1032 -0.05939052819923146300 0.00033143105763041539
1033 -0.05971109797491602800 0.00033143105763041539
1034 -0.06003163248188403400 0.00033143105763041539
1035 -0.06035213176305764800 0.00033143105763041539
1036 -0.06067259586135909100 0.00033143105763041539
1037 -0.06099302481971063900 0.00033143105763041539
1038 -0.06131341868103445900 0.00033143105763041539
1039 -0.06163377748825282800 0.00033143105763041539
1040 -0.06195410128428791000 0.00033143105763041539
1041 -0.06227439011206203900 0.00033143105763041539
1042 -0.06259464401449738000 0.00033143105763041539
1043 -0.06291486303451615500 0.00033143105763041539
1044 -0.06323504721504058500 0.00033143105763041539
1045 -0.06355519659899294700 0.00033143105763041539
1046 -0.06387531122929546200 0.00033143105763041539
1047 -0.06419539114887035100 0.00033143105763041539
1048 -0.06451543640063978100 0.00033143105763041539
1049 -0.06483544702752613900 0.00033143105763041539
1050 -0.06515542307245147900 0.00033143105763041539
1051 -0.06547536457833813600 0.00033143105763041539
1052 -0.06579527158810832800 0.00033143105763041539
1053 -0.06611514414468422400 0.00033143105763041539
1054 -0.06643498229098809800 0.00033143105763041539
1055 -0.06675478606994222900 0.00033143105763041539
1056 -0.06707455552446867100 0.00033143105763041539
1057 -0.06739429069748992300 0.00033143105763041539
1058 -0.06771399163192798300 0.00033143105763041539
1059 -0.06803365837070518600 0.00033143105763041539
1060 -0.06835329095674369500 0.00033143105763041539
1061 -0.06867288943296584500 0.00033143105763041539
1062 -0.06899245384229385500 0.00033143105763041539
1063 -0.06931198422764978100 0.00033143105763041539
1064 -0.06963148063195606600 0.00033143105763041539
1065 -0.06995094309813482100 0.00033143105763041539
1066 -0.07027037166910832200 0.00033143105763041539
1067 -0.07058976638779873600 0.00033143105763041539
1068 -0.07090912729712839400 0.00033143105763041539
1069 -0.07122845444001946200 0.00033143105763041539
1070 -0.07154774785939416200 0.00033143105763041539
1071 -0.07186700759817471500 0.00033143105763041539
1072 -0.07218623369928334200 0.00033143105763041539
1073 -0.07250542620564237600 0.00033143105763041539
1074 -0.07282458516017398200 0.00033143105763041539
1075 -0.07314371060580038300 0.00033143105763041539
1076 -0.07346280258544374300 0.00033143105763041539
1077 -0.07378186114202639500 0.00033143105763041539
1078 -0.07410088631847056000 0.00033143105763041539
1079 -0.07441987815769840500 0.00033143105763041539
1080 -0.07473883670263220500 0.00033143105763041539
1081 -0.07505776199619412800 0.00033143105763041539
1082 -0.07537665408130650400 0.00033143105763041539
1083 -0.07569551300089150100 0.00033143105763041539
1084 -0.07601433879787139500 0.00033143105763041539
1085 -0.07633313151516829500 0.00033143105763041539
1086 -0.07665189119570459100 0.00033143105763041539
1087 -0.07697061788240239200 0.00033143105763041539
1088 -0.07728931161818403100 0.00033143105763041539
1089 -0.07760797244597161800 0.00033143105763041539
1090 -0.07792660040868743000 0.00033143105763041539
1091 -0.07824519554925374300 0.00033143105763041539
1092 -0.07856375791059272400 0.00033143105763041539
1093 -0.07888228753562670500 0.00033143105763041539
1094 -0.07920078446727774100 0.00033143105763041539
1095 -0.07951924874846821900 0.00033143105763041539
1096 -0.07983768042212036100 0.00033143105763041539
1097 -0.08015607953115622100 0.00033143105763041539
1098 -0.08047444611849824400 0.00033143105763041539
1099 -0.08079278022706853900 0.00033143105763041539
1100 -0.08111108189978938300 0.00033143105763041539
1101 -0.08142935117958294300 0.00033143105763041539
1102 -0.08174758810937155000 0.00033143105763041539
1103 -0.08206579273207736900 0.00033143105763041539
1104 -0.08238396509062262400 0.00033143105763041539
1105 -0.08270210522792959000 0.00033143105763041539
1106 -0.08302021318692037700 0.00033143105763041539
1107 -0.08333828901051737500 0.00033143105763041539
1108 -0.08365633274164274700 0.00033143105763041539
1109 -0.08397434442321866100 0.00033143105763041539
1110 -0.08429232409816744800 0.00033143105763041539
1111 -0.08461027180941133000 0.00033143105763041539
1112 -0.08492818759987241800 0.00033143105763041539
1113 -0.08524607151247309800 0.00033143105763041539
1114 -0.08556392359013548200 0.00033143105763041539
1115 -0.08588174387578179100 0.00033143105763041539
1116 -0.08619953241233441200 0.00033143105763041539
1117 -0.08651728924271534500 0.00033143105763041539
1118 -0.08683501440984708900 0.00033143105763041539
1119 -0.08715270795665164300 0.00033143105763041539
1120 -0.08747036992605128300 0.00033143105763041539
1121 -0.08778800036096834300 0.00033143105763041539
1122 -0.08810559930432493300 0.00033143105763041539
1123 -0.08842316679904338500 0.00033143105763041539
1124 -0.08874070288804575300 0.00033143105763041539
1125 -0.08905820761425453600 0.00033143105763041539
1126 -0.08937568102059173500 0.00033143105763041539
1127 -0.08969312314997973700 0.00033143105763041539
1128 -0.09001053404534065100 0.00033143105763041539
1129 -0.09032791374959675500 0.00033143105763041539
1130 -0.09064526230567032700 0.00033143105763041539
1131 -0.09096257975648347500 0.00033143105763041539
1132 -0.09127986614495847700 0.00033143105763041539
1133 -0.09159712151401766500 0.00033143105763041539
1134 -0.09191434590658315000 0.00033143105763041539
1135 -0.09223153936557720900 0.00033143105763041539
1136 -0.09254870193392206200 0.00033143105763041539
1137 -0.09286583365453993100 0.00033143105763041539
1138 -0.09318293457035303800 0.00033143105763041539
1139 -0.09350000472428365800 0.00033143105763041539
1140 -0.09381704415925401500 0.00033143105763041539
1141 -0.09413405291818627300 0.00033143105763041539
1142 -0.09445103104400265300 0.00033143105763041539
1143 -0.09476797857962548900 0.00033143105763041539
1144 -0.09508489556797700100 0.00033143105763041539
1145 -0.09540178205197930000 0.00033143105763041539
1146 -0.09571863807455471800 0.00033143105763041539
1147 -0.09603546367862547700 0.00033143105763041539
1148 -0.09635225890711379700 0.00033143105763041539
1149 -0.09666902380294184500 0.00033143105763041539
1150 -0.09698575840903189700 0.00033143105763041539
1151 -0.09730246276830623000 0.00033143105763041539
1152 -0.09761913692368695500 0.00033143105763041539
1153 -0.09793578091809646000 0.00033143105763041539
1154 -0.09825239479445685400 0.00033143105763041539
1155 -0.09856897859569041500 0.00033143105763041539
1156 -0.09888553236471936400 0.00033143105763041539
1157 -0.09920205614446586700 0.00033143105763041539
1158 -0.09951854997785225500 0.00033143105763041539
1159 -0.09983501390780075100 0.00033143105763041539
1160 -0.10015144797723352000 0.00033143105763041539
1161 -0.10046785222907284000 0.00033143105763041539
1162 -0.10078422670624088000 0.00033143105763041539
1163 -0.10110057145165996000 0.00033143105763041539
1164 -0.10141688650825226000 0.00033143105763041539
1165 -0.10173317191893999000 0.00033143105763041539
1166 -0.10204942772664538000 0.00033143105763041539
1167 -0.10236565397429070000 0.00033143105763041539
1168 -0.10268185070479818000 0.00033143105763041539
1169 -0.10299801796108998000 0.00033143105763041539
1170 -0.10331415578608838000 0.00033143105763041539
1171 -0.10363026422271565000 0.00033143105763041539
1172 -0.10394634331389391000 0.00033143105763041539
1173 -0.10426239310254554000 0.00033143105763041539
1174 -0.10457841363159259000 0.00033143105763041539
1175 -0.10489440494395752000 0.00033143105763041539
1176 -0.10521036708256232000 0.00033143105763041539
1177 -0.10552630009032932000 0.00033143105763041539
1178 -0.10584220401018080000 0.00033143105763041539
1179 -0.10615807888503898000 0.00033143105763041539
1180 -0.10647392475782597000 0.00033143105763041539
1181 -0.10678974167146410000 0.00033143105763041539
1182 -0.10710552966887560000 0.00033143105763041539
1183 -0.10742128879298268000 0.00033143105763041539
1184 -0.10773701908670757000 0.00033143105763041539
1185 -0.10805272059297250000 0.00033143105763041539
1186 -0.10836839335469972000 0.00033143105763041539
1187 -0.10868403741481142000 0.00033143105763041539
1188 -0.10899965281622981000 0.00033143105763041539
1189 -0.10931523960187722000 0.00033143105763041539
1190 -0.10963079781467583000 0.00033143105763041539
1191 -0.10994632749754779000 0.00033143105763041539
1192 -0.11026182869341539000 0.00033143105763041539
1193 -0.11057730144520095000 0.00033143105763041539
1194 -0.11089274579582653000 0.00033143105763041539
1195 -0.11120816178821452000 0.00033143105763041539
1196 -0.11152354946528703000 0.00033143105763041539
1197 -0.11183890886996634000 0.00033143105763041539
1198 -0.11215424004517466000 0.00033143105763041539
1199 -0.11246954303383427000 0.00033143105763041539
1200 -0.11278481787886735000 0.00033143105763041539
1201 -0.11310006462319611000 0.00033143105763041539
1202 -0.11341528330974288000 0.00033143105763041539
1203 -0.11373047398142977000 0.00033143105763041539
1204 -0.11404563668117906000 0.00033143105763041539
1205 -0.11436077145191303000 0.00033143105763041539
1206 -0.11467587833655379000 0.00033143105763041539
1207 -0.11499095737802367000 0.00033143105763041539
1208 -0.11530600861924484000 0.00033143105763041539
1209 -0.11562103210313962000 0.00033143105763041539
1210 -0.11593602787263013000 0.00033143105763041539
1211 -0.11625099597063865000 0.00033143105763041539
1212 -0.11656593644008745000 0.00033143105763041539
1213 -0.11688084932389864000 0.00033143105763041539
1214 -0.11719573466499467000 0.00033143105763041539
1215 -0.11751059250629747000 0.00033143105763041539
1216 -0.11782542289072945000 0.00033143105763041539
1217 -0.11814022586121287000 0.00033143105763041539
1218 -0.11845500146066995000 0.00033143105763041539
1219 -0.11876974973202281000 0.00033143105763041539
1220 -0.11908447071819367000 0.00033143105763041539
1221 -0.11939916446210491000 0.00033143105763041539
1222 -0.11971383100667871000 0.00033143105763041539
1223 -0.12002847039483716000 0.00033143105763041539
1224 -0.12034308266950272000 0.00033143105763041539
1225 -0.12065766787359750000 0.00033143105763041539
1226 -0.12097222605004365000 0.00033143105763041539
1227 -0.12128675724176352000 0.00033143105763041539
1228 -0.12160126149167932000 0.00033143105763041539
1229 -0.12191573884271323000 0.00033143105763041539
1230 -0.12223018933778745000 0.00033143105763041539
1231 -0.12254461301982433000 0.00033143105763041539
1232 -0.12285900993174609000 0.00033143105763041539
1233 -0.12317338011647483000 0.00033143105763041539
1234 -0.12348772361693289000 0.00033143105763041539
1235 -0.12380204047604249000 0.00033143105763041539
1236 -0.12411633073672584000 0.00033143105763041539
1237 -0.12443059444190507000 0.00033143105763041539
1238 -0.12474483163450256000 0.00033143105763041539
1239 -0.12505904235744048000 0.00033143105763041539
1240 -0.12537322665364103000 0.00033143105763041539
1241 -0.12568738456602652000 0.00033143105763041539
1242 -0.12600151613751914000 0.00033143105763041539
1243 -0.12631562141104108000 0.00033143105763041539
1244 -0.12662970042951466000 0.00033143105763041539
1245 -0.12694375323586199000 0.00033143105763041539
1246 -0.12725777987300535000 0.00033143105763041539
1247 -0.12757178038386707000 0.00033143105763041539
1248 -0.12788575481136921000 0.00033143105763041539
1249 -0.12819970319843410000 0.00033143105763041539
1250 -0.12851362558798396000 0.00033143105763041539
1251 -0.12882752202294095000 0.00033143105763041539
1252 -0.12914139254622742000 0.00033143105763041539
1253 -0.12945523720076552000 0.00033143105763041539
1254 -0.12976905602947747000 0.00033143105763041539
1255 -0.13008284907528556000 0.00033143105763041539
1256 -0.13039661638111200000 0.00033143105763041539
1257 -0.13071035798987890000 0.00033143105763041539
1258 -0.13102407394450871000 0.00033143105763041539
1259 -0.13133776428792349000 0.00033143105763041539
1260 -0.13165142906304556000 0.00033143105763041539
1261 -0.13196506831279708000 0.00033143105763041539
1262 -0.13227868208010030000 0.00033143105763041539
1263 -0.13259227040787752000 0.00033143105763041539
1264 -0.13290583333905082000 0.00033143105763041539
1265 -0.13321937091654262000 0.00033143105763041539
1266 -0.13353288318327500000 0.00033143105763041539
1267 -0.13384637018217027000 0.00033143105763041539
1268 -0.13415983195615061000 0.00033143105763041539
1269 -0.13447326854813824000 0.00033143105763041539
1270 -0.13478668000105543000 0.00033143105763041539
1271 -0.13510006635782446000 0.00033143105763041539
1272 -0.13541342766136744000 0.00033143105763041539
1273 -0.13572676395460664000 0.00033143105763041539
1274 -0.13604007528046430000 0.00033143105763041539
1275 -0.13635336168186268000 0.00033143105763041539
1276 -0.13666662320172401000 0.00033143105763041539
1277 -0.13697985988297051000 0.00033143105763041539
1278 -0.13729307176852434000 0.00033143105763041539
1279 -0.13760625890130779000 0.00033143105763041539
1280 -0.13791942132424312000 0.00033143105763041539
1281 -0.13823255908025250000 0.00033143105763041539
1282 -0.13854567221225822000 0.00033143105763041539
1283 -0.13885876076318243000 0.00033143105763041539
1284 -0.13917182477594742000 0.00033143105763041539
1285 -0.13948486429347534000 0.00033143105763041539
1286 -0.13979787935868859000 0.00033143105763041539
1287 -0.14011087001450923000 0.00033143105763041539
1288 -0.14042383630385952000 0.00033143105763041539
1289 -0.14073677826966180000 0.00033143105763041539
1290 -0.14104969595483807000 0.00033143105763041539
1291 -0.14136258940231083000 0.00033143105763041539
1292 -0.14167545865500220000 0.00033143105763041539
1293 -0.14198830375583438000 0.00033143105763041539
1294 -0.14230112474772955000 0.00033143105763041539
1295 -0.14261392167361009000 0.00033143105763041539
1296 -0.14292669457639806000 0.00033143105763041539
1297 -0.14323944349901585000 0.00033143105763041539
1298 -0.14355216848438562000 0.00033143105763041539
1299 -0.14386486957542954000 0.00033143105763041539
1300 -0.14417754681506995000 0.00033143105763041539
1301 -0.14449020024622894000 0.00033143105763041539
1302 -0.14480282991182886000 0.00033143105763041539
1303 -0.14511543585479197000 0.00033143105763041539
1304 -0.14542801811804035000 0.00033143105763041539
1305 -0.14574057674449631000 0.00033143105763041539
1306 -0.14605311177708213000 0.00033143105763041539
1307 -0.14636562325871999000 0.00033143105763041539
1308 -0.14667811123233204000 0.00033143105763041539
1309 -0.14699057574084062000 0.00033143105763041539
1310 -0.14730301682716801000 0.00033143105763041539
1311 -0.14761543453423626000 0.00033143105763041539
1312 -0.14792782890496775000 0.00033143105763041539
1313 -0.14824019998228460000 0.00033143105763041539
1314 -0.14855254780910915000 0.00033143105763041539
1315 -0.14886487242836360000 0.00033143105763041539
1316 -0.14917717388297014000 0.00033143105763041539
1317 -0.14948945221585097000 0.00033143105763041539
1318 -0.14980170746992849000 0.00033143105763041539
1319 -0.15011393968812470000 0.00033143105763041539
1320 -0.15042614891336187000 0.00033143105763041539
1321 -0.15073833518856239000 0.00033143105763041539
1322 -0.15105049855664837000 0.00033143105763041539
1323 -0.15136263906054204000 0.00033143105763041539
1324 -0.15167475674316566000 0.00033143105763041539
1325 -0.15198685164744152000 0.00033143105763041539
1326 -0.15229892381629168000 0.00033143105763041539
1327 -0.15261097329263856000 0.00033143105763041539
1328 -0.15292300011940424000 0.00033143105763041539
1329 -0.15323500433951104000 0.00033143105763041539
1330 -0.15354698599588107000 0.00033143105763041539
1331 -0.15385894513143672000 0.00033143105763041539
1332 -0.15417088178910021000 0.00033143105763041539
1333 -0.15448279601179360000 0.00033143105763041539
1334 -0.15479468784243927000 0.00033143105763041539
1335 -0.15510655732395945000 0.00033143105763041539
1336 -0.15541840449927630000 0.00033143105763041539
1337 -0.15573022941131204000 0.00033143105763041539
1338 -0.15604203210298889000 0.00033143105763041539
1339 -0.15635381261722925000 0.00033143105763041539
1340 -0.15666557099695522000 0.00033143105763041539
1341 -0.15697730728508885000 0.00033143105763041539
1342 -0.15728902152455276000 0.00033143105763041539
1343 -0.15760071375826884000 0.00033143105763041539
1344 -0.15791238402915952000 0.00033143105763041539
1345 -0.15822403238014693000 0.00033143105763041539
1346 -0.15853565885415338000 0.00033143105763041539
1347 -0.15884726349410105000 0.00033143105763041539
1348 -0.15915884634291211000 0.00033143105763041539
1349 -0.15947040744350888000 0.00033143105763041539
1350 -0.15978194683881353000 0.00033143105763041539
1351 -0.16009346457174839000 0.00033143105763041539
1352 -0.16040496068523552000 0.00033143105763041539
1353 -0.16071643522219731000 0.00033143105763041539
1354 -0.16102788822555592000 0.00033143105763041539
1355 -0.16133931973823357000 0.00033143105763041539
1356 -0.16165072980315254000 0.00033143105763041539
1357 -0.16196211846323494000 0.00033143105763041539
1358 -0.16227348576140316000 0.00033143105763041539
1359 -0.16258483174057936000 0.00033143105763041539
1360 -0.16289615644368577000 0.00033143105763041539
1361 -0.16320745991364460000 0.00033143105763041539
1362 -0.16351874219337803000 0.00033143105763041539
1363 -0.16383000332580838000 0.00033143105763041539
1364 -0.16414124335385794000 0.00033143105763041539
1365 -0.16445246232044880000 0.00033143105763041539
1366 -0.16476366026850314000 0.00033143105763041539
1367 -0.16507483724094346000 0.00033143105763041539
1368 -0.16538599328069170000 0.00033143105763041539
1369 -0.16569712843067025000 0.00033143105763041539
1370 -0.16600824273380127000 0.00033143105763041539
1371 -0.16631933623300710000 0.00033143105763041539
1372 -0.16663040897120979000 0.00033143105763041539
1373 -0.16694146099133172000 0.00033143105763041539
1374 -0.16725249233629502000 0.00033143105763041539
1375 -0.16756350304902207000 0.00033143105763041539
1376 -0.16787449317243491000 0.00033143105763041539
1377 -0.16818546274945584000 0.00033143105763041539
1378 -0.16849641182300718000 0.00033143105763041539
1379 -0.16880734043601098000 0.00033143105763041539
1380 -0.16911824863138963000 0.00033143105763041539
1381 -0.16942913645206537000 0.00033143105763041539
1382 -0.16974000394096028000 0.00033143105763041539
1383 -0.17005085114099672000 0.00033143105763041539
1384 -0.17036167809509684000 0.00033143105763041539
1385 -0.17067248484618291000 0.00033143105763041539
1386 -0.17098327143717718000 0.00033143105763041539
1387 -0.17129403791100184000 0.00033143105763041539
1388 -0.17160478431057913000 0.00033143105763041539
1389 -0.17191551067883126000 0.00033143105763041539
1390 -0.17222621705868046000 0.00033143105763041539
1391 -0.17253690349304895000 0.00033143105763041539
1392 -0.17284757002485907000 0.00033143105763041539
1393 -0.17315821669703296000 0.00033143105763041539
1394 -0.17346884355249281000 0.00033143105763041539
1395 -0.17377945063416095000 0.00033143105763041539
1396 -0.17409003798495948000 0.00033143105763041539
1397 -0.17440060564781074000 0.00033143105763041539
1398 -0.17471115366563700000 0.00033143105763041539
1399 -0.17502168208136032000 0.00033143105763041539
1400 -0.17533219093790309000 0.00033143105763041539
1401 -0.17564268027818741000 0.00033143105763041539
1402 -0.17595315014513557000 0.00033143105763041539
1403 -0.17626360058166990000 0.00033143105763041539
1404 -0.17657403163071245000 0.00033143105763041539
1405 -0.17688444333518555000 0.00033143105763041539
1406 -0.17719483573801142000 0.00033143105763041539
1407 -0.17750520888211224000 0.00033143105763041539
1408 -0.17781556281041028000 0.00033143105763041539
1409 -0.17812589756582781000 0.00033143105763041539
1410 -0.17843621319128705000 0.00033143105763041539
1411 -0.17874650972971012000 0.00033143105763041539
1412 -0.17905678722401935000 0.00033143105763041539
1413 -0.17936704571713702000 0.00033143105763041539
1414 -0.17967728525198523000 0.00033143105763041539
1415 -0.17998750587148621000 0.00033143105763041539
1416 -0.18029770761856229000 0.00033143105763041539
1417 -0.18060789053613568000 0.00033143105763041539
1418 -0.18091805466712862000 0.00033143105763041539
1419 -0.18122820005446327000 0.00033143105763041539
1420 -0.18153832674106185000 0.00033143105763041539
1421 -0.18184843476984675000 0.00033143105763041539
1422 -0.18215852418373996000 0.00033143105763041539
1423 -0.18246859502566382000 0.00033143105763041539
1424 -0.18277864733854071000 0.00033143105763041539
1425 -0.18308868116529259000 0.00033143105763041539
1426 -0.18339869654884189000 0.00033143105763041539
1427 -0.18370869353211078000 0.00033143105763041539
1428 -0.18401867215802142000 0.00033143105763041539
1429 -0.18432863246949610000 0.00033143105763041539
1430 -0.18463857450945709000 0.00033143105763041539
1431 -0.18494849832082660000 0.00033143105763041539
1432 -0.18525840394652676000 0.00033143105763041539
1433 -0.18556829142948000000 0.00033143105763041539
1434 -0.18587816081260827000 0.00033143105763041539
1435 -0.18618801213883412000 0.00033143105763041539
1436 -0.18649784545107950000 0.00033143105763041539
1437 -0.18680766079226674000 0.00033143105763041539
1438 -0.18711745820531822000 0.00033143105763041539
1439 -0.18742723773315589000 0.00033143105763041539
1440 -0.18773699941870226000 0.00033143105763041539
1441 -0.18804674330487936000 0.00033143105763041539
1442 -0.18835646943460943000 0.00033143105763041539
1443 -0.18866617785081474000 0.00033143105763041539
1444 -0.18897586859641763000 0.00033143105763041539
1445 -0.18928554171434014000 0.00033143105763041539
1446 -0.18959519724750468000 0.00033143105763041539
1447 -0.18990483523883339000 0.00033143105763041539
1448 -0.19021445573124846000 0.00033143105763041539
1449 -0.19052405876767220000 0.00033143105763041539
1450 -0.19083364439102674000 0.00033143105763041539
1451 -0.19114321264423439000 0.00033143105763041539
1452 -0.19145276357021734000 0.00033143105763041539
1453 -0.19176229721189786000 0.00033143105763041539
1454 -0.19207181361219816000 0.00033143105763041539
1455 -0.19238131281404047000 0.00033143105763041539
1456 -0.19269079486034701000 0.00033143105763041539
1457 -0.19300025979403995000 0.00033143105763041539
1458 -0.19330970765804167000 0.00033143105763041539
1459 -0.19361913849527435000 0.00033143105763041539
1460 -0.19392855234866008000 0.00033143105763041539
1461 -0.19423794926112131000 0.00033143105763041539
1462 -0.19454732927558005000 0.00033143105763041539
1463 -0.19485669243495868000 0.00033143105763041539
1464 -0.19516603878217942000 0.00033143105763041539
1465 -0.19547536836016438000 0.00033143105763041539
1466 -0.19578468121183595000 0.00033143105763041539
1467 -0.19609397738011619000 0.00033143105763041539
1468 -0.19640325690792748000 0.00033143105763041539
1469 -0.19671251983819193000 0.00033143105763041539
1470 -0.19702176621383194000 0.00033143105763041539
1471 -0.19733099607776955000 0.00033143105763041539
1472 -0.19764020947292704000 0.00033143105763041539
1473 -0.19794940644222675000 0.00033143105763041539
1474 -0.19825858702859084000 0.00033143105763041539
1475 -0.19856775127494147000 0.00033143105763041539
1476 -0.19887689922420088000 0.00033143105763041539
1477 -0.19918603091929138000 0.00033143105763041539
1478 -0.19949514640313520000 0.00033143105763041539
1479 -0.19980424571865457000 0.00033143105763041539
1480 -0.20011332890877165000 0.00033143105763041539
1481 -0.20042239601640865000 0.00033143105763041539
1482 -0.20073144708448787000 0.00033143105763041539
1483 -0.20104048215593157000 0.00033143105763041539
1484 -0.20134950127366197000 0.00033143105763041539
1485 -0.20165850448060124000 0.00033143105763041539
1486 -0.20196749181967150000 0.00033143105763041539
1487 -0.20227646333379518000 0.00033143105763041539
1488 -0.20258541906589450000 0.00033143105763041539
1489 -0.20289435905889158000 0.00033143105763041539
1490 -0.20320328335570875000 0.00033143105763041539
1491 -0.20351219199926812000 0.00033143105763041539
1492 -0.20382108503249213000 0.00033143105763041539
1493 -0.20412996249830268000 0.00033143105763041539
1494 -0.20443882443962230000 0.00033143105763041539
1495 -0.20474767089937301000 0.00033143105763041539
1496 -0.20505650192047725000 0.00033143105763041539
1497 -0.20536531754585713000 0.00033143105763041539
1498 -0.20567411781843475000 0.00033143105763041539
1499 -0.20598290278113257000 0.00033143105763041539
1500 -0.20629167247687280000 0.00033143105763041539
1501 -0.20660042694857744000 0.00033143105763041539
1502 -0.20690916623916905000 0.00033143105763041539
1503 -0.20721789039156951000 0.00033143105763041539
1504 -0.20752659944870139000 0.00033143105763041539
1505 -0.20783529345348667000 0.00033143105763041539
1506 -0.20814397244884758000 0.00033143105763041539
1507 -0.20845263647770657000 0.00033143105763041539
1508 -0.20876128558298562000 0.00033143105763041539
1509 -0.20906991980760720000 0.00033143105763041539
1510 -0.20937853919449317000 0.00033143105763041539
1511 -0.20968714378656622000 0.00033143105763041539
1512 -0.20999573362674823000 0.00033143105763041539
1513 -0.21030430875796174000 0.00033143105763041539
1514 -0.21061286922312866000 0.00033143105763041539
1515 -0.21092141506517142000 0.00033143105763041539
1516 -0.21122994632701214000 0.00033143105763041539
1517 -0.21153846305157303000 0.00033143105763041539
1518 -0.21184696528177643000 0.00033143105763041539
1519 -0.21215545306054456000 0.00033143105763041539
1520 -0.21246392643079964000 0.00033143105763041539
1521 -0.21277238543546390000 0.00033143105763041539
1522 -0.21308083011745943000 0.00033143105763041539
1523 -0.21338926051970869000 0.00033143105763041539
1524 -0.21369767668513368000 0.00033143105763041539
1525 -0.21400607865665672000 0.00033143105763041539
1526 -0.21431446647720026000 0.00033143105763041539
1527 -0.21462284018968619000 0.00033143105763041539
1528 -0.21493119983703696000 0.00033143105763041539
1529 -0.21523954546217455000 0.00033143105763041539
1530 -0.21554787710802153000 0.00033143105763041539
1531 -0.21585619481749990000 0.00033143105763041539
1532 -0.21616449863353199000 0.00033143105763041539
1533 -0.21647278859903990000 0.00033143105763041539
1534 -0.21678106475694597000 0.00033143105763041539
1535 -0.21708932715017243000 0.00033143105763041539
1536 -0.21739757582164149000 0.00033143105763041539
1537 -0.21770581081427537000 0.00033143105763041539
1538 -0.21801403217099630000 0.00033143105763041539
1539 -0.21832223993472649000 0.00033143105763041539
1540 -0.21863043414838829000 0.00033143105763041539
1541 -0.21893861485490379000 0.00033143105763041539
1542 -0.21924678209719523000 0.00033143105763041539
1543 -0.21955493591818492000 0.00033143105763041539
1544 -0.21986307636079500000 0.00033143105763041539
1545 -0.22017120346794777000 0.00033143105763041539
1546 -0.22047931728256537000 0.00033143105763041539
1547 -0.22078741784757011000 0.00033143105763041539
1548 -0.22109550520588422000 0.00033143105763041539
1549 -0.22140357940042993000 0.00033143105763041539
1550 -0.22171164047412945000 0.00033143105763041539
1551 -0.22201968846990500000 0.00033143105763041539
1552 -0.22232772343067891000 0.00033143105763041539
1553 -0.22263574539937320000 0.00033143105763041539
1554 -0.22294375441891018000 0.00033143105763041539
1555 -0.22325175053221230000 0.00033143105763041539
1556 -0.22355973378220145000 0.00033143105763041539
1557 -0.22386770421180008000 0.00033143105763041539
1558 -0.22417566186393029000 0.00033143105763041539
1559 -0.22448360678151441000 0.00033143105763041539
1560 -0.22479153900747467000 0.00033143105763041539
1561 -0.22509945858473318000 0.00033143105763041539
1562 -0.22540736555621238000 0.00033143105763041539
1563 -0.22571525996483438000 0.00033143105763041539
1564 -0.22602314185352129000 0.00033143105763041539
1565 -0.22633101126519545000 0.00033143105763041539
1566 -0.22663886824277918000 0.00033143105763041539
1567 -0.22694671282919449000 0.00033143105763041539
1568 -0.22725454506736392000 0.00033143105763041539
1569 -0.22756236500020938000 0.00033143105763041539
1570 -0.22787017267065329000 0.00033143105763041539
1571 -0.22817796812161789000 0.00033143105763041539
1572 -0.22848575139602528000 0.00033143105763041539
1573 -0.22879352253679780000 0.00033143105763041539
1574 -0.22910128158685755000 0.00033143105763041539
1575 -0.22940902858912687000 0.00033143105763041539
1576 -0.22971676358652809000 0.00033143105763041539
1577 -0.23002448662198322000 0.00033143105763041539
1578 -0.23033219773841457000 0.00033143105763041539
1579 -0.23063989697874437000 0.00033143105763041539
1580 -0.23094758438589497000 0.00033143105763041539
1581 -0.23125526000278845000 0.00033143105763041539
1582 -0.23156292387234706000 0.00033143105763041539
1583 -0.23187057603749300000 0.00033143105763041539
1584 -0.23217821654114862000 0.00033143105763041539
1585 -0.23248584542623613000 0.00033143105763041539
1586 -0.23279346273567753000 0.00033143105763041539
1587 -0.23310106851239537000 0.00033143105763041539
1588 -0.23340866279931177000 0.00033143105763041539
1589 -0.23371624563934895000 0.00033143105763041539
1590 -0.23402381707542902000 0.00033143105763041539
1591 -0.23433137715047442000 0.00033143105763041539
1592 -0.23463892590740715000 0.00033143105763041539
1593 -0.23494646338914965000 0.00033143105763041539
1594 -0.23525398963862393000 0.00033143105763041539
1595 -0.23556150469875253000 0.00033143105763041539
1596 -0.23586900861245735000 0.00033143105763041539
1597 -0.23617650142266083000 0.00033143105763041539
1598 -0.23648398317228508000 0.00033143105763041539
1599 -0.23679145390425244000 0.00033143105763041539
1600 -0.23709891366148511000 0.00033143105763041539
1601 -0.23740636248690522000 0.00033143105763041539
1602 -0.23771380042343510000 0.00033143105763041539
1603 -0.23802122751399707000 0.00033143105763041539
1604 -0.23832864380151314000 0.00033143105763041539
1605 -0.23863604932890553000 0.00033143105763041539
1606 -0.23894344413909679000 0.00033143105763041539
1607 -0.23925082827500882000 0.00033143105763041539
1608 -0.23955820177956394000 0.00033143105763041539
1609 -0.23986556469568449000 0.00033143105763041539
1610 -0.24017291706629268000 0.00033143105763041539
1611 -0.24048025893431052000 0.00033143105763041539
1612 -0.24078759034266056000 0.00033143105763041539
1613 -0.24109491133426481000 0.00033143105763041539
1614 -0.24140222195204547000 0.00033143105763041539
1615 -0.24170952223892489000 0.00033143105763041539
1616 -0.24201681223782529000 0.00033143105763041539
1617 -0.24232409199166899000 0.00033143105763041539
1618 -0.24263136154337800000 0.00033143105763041539
1619 -0.24293862093587465000 0.00033143105763041539
1620 -0.24324587021208116000 0.00033143105763041539
1621 -0.24355310941491976000 0.00033143105763041539
1622 -0.24386033858731276000 0.00033143105763041539
1623 -0.24416755777218241000 0.00033143105763041539
1624 -0.24447476701245069000 0.00033143105763041539
1625 -0.24478196635104005000 0.00033143105763041539
1626 -0.24508915583087271000 0.00033143105763041539
1627 -0.24539633549487078000 0.00033143105763041539
1628 -0.24570350538595659000 0.00033143105763041539
1629 -0.24601066554705237000 0.00033143105763041539
1630 -0.24631781602108033000 0.00033143105763041539
1631 -0.24662495685096258000 0.00033143105763041539
1632 -0.24693208807962147000 0.00033143105763041539
1633 -0.24723920974997921000 0.00033143105763041539
1634 -0.24754632190495812000 0.00033143105763041539
1635 -0.24785342458748044000 0.00033143105763041539
1636 -0.24816051784046816000 0.00033143105763041539
1637 -0.24846760170684362000 0.00033143105763041539
1638 -0.24877467622952926000 0.00033143105763041539
1639 -0.24908174145144696000 0.00033143105763041539
1640 -0.24938879741551928000 0.00033143105763041539
1641 -0.24969584416466822000 0.00033143105763041539
1642 -0.25000288174181601000 0.00033143105763041539
1643 -0.25030991018988508000 0.00033143105763041539
1644 -0.25061692955179754000 0.00033143105763041539
1645 -0.25092393987047551000 0.00033143105763041539
1646 -0.25123094118884132000 0.00033143105763041539
1647 -0.25153793354981729000 0.00033143105763041539
1648 -0.25184491699632555000 0.00033143105763041539
1649 -0.25215189157128831000 0.00033143105763041539
1650 -0.25245885731762779000 0.00033143105763041539
1651 -0.25276581427826633000 0.00033143105763041539
1652 -0.25307276249612604000 0.00033143105763041539
1653 -0.25337970201412924000 0.00033143105763041539
1654 -0.25368663287519816000 0.00033143105763041539
1655 -0.25399355512225491000 0.00033143105763041539
1656 -0.25430046879822182000 0.00033143105763041539
1657 -0.25460737394602112000 0.00033143105763041539
1658 -0.25491427060857491000 0.00033143105763041539
1659 -0.25522115882880564000 0.00033143105763041539
1660 -0.25552803864963541000 0.00033143105763041539
1661 -0.25583491011398646000 0.00033143105763041539
1662 -0.25614177326478099000 0.00033143105763041539
1663 -0.25644862814494124000 0.00033143105763041539
1664 -0.25675547479738953000 0.00033143105763041539
1665 -0.25706231326504808000 0.00033143105763041539
1666 -0.25736914359083901000 0.00033143105763041539
1667 -0.25767596581768454000 0.00033143105763041539
1668 -0.25798277998850699000 0.00033143105763041539
1669 -0.25828958614622849000 0.00033143105763041539
1670 -0.25859638433377158000 0.00033143105763041539
1671 -0.25890317459405804000 0.00033143105763041539
1672 -0.25920995697001031000 0.00033143105763041539
1673 -0.25951673150455062000 0.00033143105763041539
1674 -0.25982349824060130000 0.00033143105763041539
1675 -0.26013025722108446000 0.00033143105763041539
1676 -0.26043700848892232000 0.00033143105763041539
1677 -0.26074375208703721000 0.00033143105763041539
1678 -0.26105048805835113000 0.00033143105763041539
1679 -0.26135721644578652000 0.00033143105763041539
1680 -0.26166393729226561000 0.00033143105763041539
1681 -0.26197065064071051000 0.00033143105763041539
1682 -0.26227735653404366000 0.00033143105763041539
1683 -0.26258405501518695000 0.00033143105763041539
1684 -0.26289074612706292000 0.00033143105763041539
1685 -0.26319742991259371000 0.00033143105763041539
1686 -0.26350410641470140000 0.00033143105763041539
1687 -0.26381077567630845000 0.00033143105763041539
1688 -0.26411743774033697000 0.00033143105763041539
1689 -0.26442409264970906000 0.00033143105763041539
1690 -0.26473074044734729000 0.00033143105763041539
1691 -0.26503738117617365000 0.00033143105763041539
1692 -0.26534401487911036000 0.00033143105763041539
1693 -0.26565064159907964000 0.00033143105763041539
1694 -0.26595726137900394000 0.00033143105763041539
1695 -0.26626387426180514000 0.00033143105763041539
1696 -0.26657048029040581000 0.00033143105763041539
1697 -0.26687707950772793000 0.00033143105763041539
1698 -0.26718367195669385000 0.00033143105763041539
1699 -0.26749025768022577000 0.00033143105763041539
1700 -0.26779683672124593000 0.00033143105763041539
1701 -0.26810340912267666000 0.00033143105763041539
1702 -0.26840997492743995000 0.00033143105763041539
1703 -0.26871653417845814000 0.00033143105763041539
1704 -0.26902308691865356000 0.00033143105763041539
1705 -0.26932963319094844000 0.00033143105763041539
1706 -0.26963617303826476000 0.00033143105763041539
1707 -0.26994270650352509000 0.00033143105763041539
1708 -0.27024923362965142000 0.00033143105763041539
1709 -0.27055575445956609000 0.00033143105763041539
1710 -0.27086226903619121000 0.00033143105763041539
1711 -0.27116877740244910000 0.00033143105763041539
1712 -0.27147527960126200000 0.00033143105763041539
1713 -0.27178177567555212000 0.00033143105763041539
1714 -0.27208826566824168000 0.00033143105763041539
1715 -0.27239474962225302000 0.00033143105763041539
1716 -0.27270122758050813000 0.00033143105763041539
1717 -0.27300769958592946000 0.00033143105763041539
1718 -0.27331416568143913000 0.00033143105763041539
1719 -0.27362062590995934000 0.00033143105763041539
1720 -0.27392708031441254000 0.00033143105763041539
1721 -0.27423352893772063000 0.00033143105763041539
1722 -0.27453997182280604000 0.00033143105763041539
1723 -0.27484640901259100000 0.00033143105763041539
1724 -0.27515284054999772000 0.00033143105763041539
1725 -0.27545926647794844000 0.00033143105763041539
1726 -0.27576568683936525000 0.00033143105763041539
1727 -0.27607210167717061000 0.00033143105763041539
1728 -0.27637851103428651000 0.00033143105763041539
1729 -0.27668491495363540000 0.00033143105763041539
1730 -0.27699131347813927000 0.00033143105763041539
1731 -0.27729770665072068000 0.00033143105763041539
1732 -0.27760409451430162000 0.00033143105763041539
1733 -0.27791047711180422000 0.00033143105763041539
1734 -0.27821685448615102000 0.00033143105763041539
1735 -0.27852322668026402000 0.00033143105763041539
1736 -0.27882959373706567000 0.00033143105763041539
1737 -0.27913595569947786000 0.00033143105763041539
1738 -0.27944231261042302000 0.00033143105763041539
1739 -0.27974866451282338000 0.00033143105763041539
1740 -0.28005501144960127000 0.00033143105763041539
1741 -0.28036135346367869000 0.00033143105763041539
1742 -0.28066769059797808000 0.00033143105763041539
1743 -0.28097402289542145000 0.00033143105763041539
1744 -0.28128035039893123000 0.00033143105763041539
1745 -0.28158667315142955000 0.00033143105763041539
1746 -0.28189299119583872000 0.00033143105763041539
1747 -0.28219930457508086000 0.00033143105763041539
1748 -0.28250561333207830000 0.00033143105763041539
1749 -0.28281191750975315000 0.00033143105763041539
1750 -0.28311821715102775000 0.00033143105763041539
1751 -0.28342451229882432000 0.00033143105763041539
1752 -0.28373080299606496000 0.00033143105763041539
1753 -0.28403708928567201000 0.00033143105763041539
1754 -0.28434337121056780000 0.00033143105763041539
1755 -0.28464964881367444000 0.00033143105763041539
1756 -0.28495592213791404000 0.00033143105763041539
1757 -0.28526219122620905000 0.00033143105763041539
1758 -0.28556845612148157000 0.00033143105763041539
1759 -0.28587471686665394000 0.00033143105763041539
1760 -0.28618097350464827000 0.00033143105763041539
1761 -0.28648722607838689000 0.00033143105763041539
1762 -0.28679347463079191000 0.00033143105763041539
1763 -0.28709971920478555000 0.00033143105763041539
1764 -0.28740595984329026000 0.00033143105763041539
1765 -0.28771219658922803000 0.00033143105763041539
1766 -0.28801842948552131000 0.00033143105763041539
1767 -0.28832465857509210000 0.00033143105763041539
1768 -0.28863088390086272000 0.00033143105763041539
1769 -0.28893710550575541000 0.00033143105763041539
1770 -0.28924332343269238000 0.00033143105763041539
1771 -0.28954953772459596000 0.00033143105763041539
1772 -0.28985574842438827000 0.00033143105763041539
1773 -0.29016195557499153000 0.00033143105763041539
1774 -0.29046815921932817000 0.00033143105763041539
1775 -0.29077435940032009000 0.00033143105763041539
1776 -0.29108055616088963000 0.00033143105763041539
1777 -0.29138674954395921000 0.00033143105763041539
1778 -0.29169293959245096000 0.00033143105763041539
1779 -0.29199912634928699000 0.00033143105763041539
1780 -0.29230530985738973000 0.00033143105763041539
1781 -0.29261149015968108000 0.00033143105763041539
1782 -0.29291766729908358000 0.00033143105763041539
1783 -0.29322384131851947000 0.00033143105763041539
1784 -0.29353001226091074000 0.00033143105763041539
1785 -0.29383618016917984000 0.00033143105763041539
1786 -0.29414234508624898000 0.00033143105763041539
1787 -0.29444850705504017000 0.00033143105763041539
1788 -0.29475466611847595000 0.00033143105763041539
1789 -0.29506082231947822000 0.00033143105763041539
1790 -0.29536697570096943000 0.00033143105763041539
1791 -0.29567312630587178000 0.00033143105763041539
1792 -0.29597927417710751000 0.00033143105763041539
1793 -0.29628541935759883000 0.00033143105763041539
1794 -0.29659156189026786000 0.00033143105763041539
1795 -0.29689770181803704000 0.00033143105763041539
1796 -0.29720383918382848000 0.00033143105763041539
1797 -0.29750997403056439000 0.00033143105763041539
1798 -0.29781610640116701000 0.00033143105763041539
1799 -0.29812223633855867000 0.00033143105763041539
