# pixel vinkelx vinkely
0 -0.261483 0.001365
1 -0.259902 0.001365
2 -0.258324 0.001365
3 -0.256748 0.001365
4 -0.255174 0.001365
5 -0.253602 0.001365
6 -0.252032 0.001365
7 -0.250464 0.001365
8 -0.248898 0.001365
9 -0.247335 0.001365
10 -0.245773 0.001365
11 -0.244214 0.001365
12 -0.242656 0.001365
13 -0.241101 0.001365
14 -0.239548 0.001365
15 -0.237996 0.001365
16 -0.236447 0.001365
17 -0.234900 0.001365
18 -0.233355 0.001365
19 -0.231812 0.001365
20 -0.230270 0.001365
21 -0.228731 0.001365
22 -0.227194 0.001365
23 -0.225659 0.001365
24 -0.224125 0.001365
25 -0.222594 0.001365
26 -0.221065 0.001365
27 -0.219537 0.001365
28 -0.218012 0.001365
29 -0.216488 0.001365
30 -0.214967 0.001365
31 -0.213447 0.001365
32 -0.211929 0.001365
33 -0.210413 0.001365
34 -0.208899 0.001365
35 -0.207387 0.001365
36 -0.205876 0.001365
37 -0.204368 0.001365
38 -0.202861 0.001365
39 -0.201357 0.001365
40 -0.199854 0.001365
41 -0.198353 0.001365
42 -0.196853 0.001365
43 -0.195356 0.001365
44 -0.193860 0.001365
45 -0.192366 0.001365
46 -0.190874 0.001365
47 -0.189384 0.001365
48 -0.187895 0.001365
49 -0.186409 0.001365
50 -0.184924 0.001365
51 -0.183440 0.001365
52 -0.181959 0.001365
53 -0.180479 0.001365
54 -0.179001 0.001365
55 -0.177525 0.001365
56 -0.176050 0.001365
57 -0.174577 0.001365
58 -0.173106 0.001365
59 -0.171636 0.001365
60 -0.170169 0.001365
61 -0.168702 0.001365
62 -0.167238 0.001365
63 -0.165775 0.001365
64 -0.164314 0.001365
65 -0.162854 0.001365
66 -0.161396 0.001365
67 -0.159940 0.001365
68 -0.158485 0.001365
69 -0.157032 0.001365
70 -0.155581 0.001365
71 -0.154131 0.001365
72 -0.152682 0.001365
73 -0.151235 0.001365
74 -0.149790 0.001365
75 -0.148347 0.001365
76 -0.146905 0.001365
77 -0.145464 0.001365
78 -0.144025 0.001365
79 -0.142587 0.001365
80 -0.141151 0.001365
81 -0.139717 0.001365
82 -0.138284 0.001365
83 -0.136852 0.001365
84 -0.135422 0.001365
85 -0.133994 0.001365
86 -0.132567 0.001365
87 -0.131141 0.001365
88 -0.129717 0.001365
89 -0.128294 0.001365
90 -0.126873 0.001365
91 -0.125453 0.001365
92 -0.124035 0.001365
93 -0.122618 0.001365
94 -0.121202 0.001365
95 -0.119788 0.001365
96 -0.118375 0.001365
97 -0.116964 0.001365
98 -0.115554 0.001365
99 -0.114145 0.001365
100 -0.112738 0.001365
101 -0.111332 0.001365
102 -0.109927 0.001365
103 -0.108524 0.001365
104 -0.107122 0.001365
105 -0.105722 0.001365
106 -0.104322 0.001365
107 -0.102924 0.001365
108 -0.101527 0.001365
109 -0.100132 0.001365
110 -0.098738 0.001365
111 -0.097345 0.001365
112 -0.095953 0.001365
113 -0.094563 0.001365
114 -0.093174 0.001365
115 -0.091786 0.001365
116 -0.090399 0.001365
117 -0.089014 0.001365
118 -0.087629 0.001365
119 -0.086246 0.001365
120 -0.084865 0.001365
121 -0.083484 0.001365
122 -0.082104 0.001365
123 -0.080726 0.001365
124 -0.079349 0.001365
125 -0.077973 0.001365
126 -0.076598 0.001365
127 -0.075225 0.001365
128 -0.073852 0.001365
129 -0.072481 0.001365
130 -0.071110 0.001365
131 -0.069741 0.001365
132 -0.068373 0.001365
133 -0.067006 0.001365
134 -0.065640 0.001365
135 -0.064275 0.001365
136 -0.062911 0.001365
137 -0.061549 0.001365
138 -0.060187 0.001365
139 -0.058827 0.001365
140 -0.057467 0.001365
141 -0.056108 0.001365
142 -0.054751 0.001365
143 -0.053394 0.001365
144 -0.052039 0.001365
145 -0.050684 0.001365
146 -0.049331 0.001365
147 -0.047978 0.001365
148 -0.046627 0.001365
149 -0.045276 0.001365
150 -0.043927 0.001365
151 -0.042578 0.001365
152 -0.041230 0.001365
153 -0.039884 0.001365
154 -0.038538 0.001365
155 -0.037193 0.001365
156 -0.035849 0.001365
157 -0.034506 0.001365
158 -0.033163 0.001365
159 -0.031822 0.001365
160 -0.030481 0.001365
161 -0.029142 0.001365
162 -0.027803 0.001365
163 -0.026465 0.001365
164 -0.025128 0.001365
165 -0.023792 0.001365
166 -0.022457 0.001365
167 -0.021122 0.001365
168 -0.019788 0.001365
169 -0.018455 0.001365
170 -0.017123 0.001365
171 -0.015792 0.001365
172 -0.014461 0.001365
173 -0.013132 0.001365
174 -0.011803 0.001365
175 -0.010474 0.001365
176 -0.009147 0.001365
177 -0.007820 0.001365
178 -0.006494 0.001365
179 -0.005169 0.001365
180 -0.003844 0.001365
181 -0.002520 0.001365
182 -0.001197 0.001365
183 0.000126 0.001365
184 0.001447 0.001365
185 0.002768 0.001365
186 0.004089 0.001365
187 0.005409 0.001365
188 0.006728 0.001365
189 0.008046 0.001365
190 0.009364 0.001365
191 0.010681 0.001365
192 0.011998 0.001365
193 0.013314 0.001365
194 0.014629 0.001365
195 0.015944 0.001365
196 0.017258 0.001365
197 0.018572 0.001365
198 0.019885 0.001365
199 0.021197 0.001365
200 0.022509 0.001365
201 0.023821 0.001365
202 0.025131 0.001365
203 0.026442 0.001365
204 0.027751 0.001365
205 0.029061 0.001365
206 0.030369 0.001365
207 0.031678 0.001365
208 0.032985 0.001365
209 0.034293 0.001365
210 0.035599 0.001365
211 0.036906 0.001365
212 0.038211 0.001365
213 0.039517 0.001365
214 0.040822 0.001365
215 0.042126 0.001365
216 0.043430 0.001365
217 0.044734 0.001365
218 0.046037 0.001365
219 0.047340 0.001365
220 0.048642 0.001365
221 0.049944 0.001365
222 0.051246 0.001365
223 0.052547 0.001365
224 0.053848 0.001365
225 0.055149 0.001365
226 0.056449 0.001365
227 0.057749 0.001365
228 0.059048 0.001365
229 0.060347 0.001365
230 0.061646 0.001365
231 0.062945 0.001365
232 0.064243 0.001365
233 0.065541 0.001365
234 0.066839 0.001365
235 0.068136 0.001365
236 0.069433 0.001365
237 0.070730 0.001365
238 0.072027 0.001365
239 0.073323 0.001365
240 0.074619 0.001365
241 0.075915 0.001365
242 0.077211 0.001365
243 0.078506 0.001365
244 0.079801 0.001365
245 0.081097 0.001365
246 0.082391 0.001365
247 0.083686 0.001365
248 0.084981 0.001365
249 0.086275 0.001365
250 0.087569 0.001365
251 0.088863 0.001365
252 0.090157 0.001365
253 0.091451 0.001365
254 0.092744 0.001365
255 0.094038 0.001365
256 0.095331 0.001365
257 0.096624 0.001365
258 0.097918 0.001365
259 0.099211 0.001365
260 0.100504 0.001365
261 0.101797 0.001365
262 0.103090 0.001365
263 0.104382 0.001365
264 0.105675 0.001365
265 0.106968 0.001365
266 0.108261 0.001365
267 0.109553 0.001365
268 0.110846 0.001365
269 0.112139 0.001365
270 0.113431 0.001365
271 0.114724 0.001365
272 0.116017 0.001365
273 0.117309 0.001365
274 0.118602 0.001365
275 0.119895 0.001365
276 0.121188 0.001365
277 0.122481 0.001365
278 0.123774 0.001365
279 0.125067 0.001365
280 0.126360 0.001365
281 0.127653 0.001365
282 0.128946 0.001365
283 0.130240 0.001365
284 0.131533 0.001365
285 0.132827 0.001365
286 0.134121 0.001365
287 0.135415 0.001365
288 0.136709 0.001365
289 0.138003 0.001365
290 0.139297 0.001365
291 0.140592 0.001365
292 0.141887 0.001365
293 0.143181 0.001365
294 0.144477 0.001365
295 0.145772 0.001365
296 0.147067 0.001365
297 0.148363 0.001365
298 0.149659 0.001365
299 0.150955 0.001365
300 0.152252 0.001365
301 0.153548 0.001365
302 0.154845 0.001365
303 0.156142 0.001365
304 0.157440 0.001365
305 0.158738 0.001365
306 0.160036 0.001365
307 0.161334 0.001365
308 0.162633 0.001365
309 0.163931 0.001365
310 0.165231 0.001365
311 0.166530 0.001365
312 0.167830 0.001365
313 0.169131 0.001365
314 0.170431 0.001365
315 0.171732 0.001365
316 0.173033 0.001365
317 0.174335 0.001365
318 0.175637 0.001365
319 0.176940 0.001365
320 0.178243 0.001365
321 0.179546 0.001365
322 0.180850 0.001365
323 0.182154 0.001365
324 0.183459 0.001365
325 0.184764 0.001365
326 0.186069 0.001365
327 0.187375 0.001365
328 0.188681 0.001365
329 0.189988 0.001365
330 0.191296 0.001365
331 0.192603 0.001365
332 0.193912 0.001365
333 0.195221 0.001365
334 0.196530 0.001365
335 0.197840 0.001365
336 0.199150 0.001365
337 0.200461 0.001365
338 0.201773 0.001365
339 0.203085 0.001365
340 0.204397 0.001365
341 0.205711 0.001365
342 0.207024 0.001365
343 0.208339 0.001365
344 0.209654 0.001365
345 0.210969 0.001365
346 0.212285 0.001365
347 0.213602 0.001365
348 0.214919 0.001365
349 0.216237 0.001365
350 0.217556 0.001365
351 0.218875 0.001365
352 0.220195 0.001365
353 0.221516 0.001365
354 0.222837 0.001365
355 0.224159 0.001365
356 0.225482 0.001365
357 0.226805 0.001365
358 0.228129 0.001365
359 0.229454 0.001365
360 0.230779 0.001365
361 0.232106 0.001365
362 0.233433 0.001365
363 0.234760 0.001365
364 0.236089 0.001365
365 0.237418 0.001365
366 0.238748 0.001365
367 0.240079 0.001365
368 0.241410 0.001365
369 0.242742 0.001365
370 0.244076 0.001365
371 0.245410 0.001365
372 0.246744 0.001365
373 0.248080 0.001365
374 0.249416 0.001365
375 0.250754 0.001365
376 0.252092 0.001365
377 0.253431 0.001365
378 0.254770 0.001365
379 0.256111 0.001365
380 0.257453 0.001365
381 0.258795 0.001365
382 0.260138 0.001365
383 0.261483 0.001365
