# pixel vinkelx vinkely
0 -0.298122 0.000331
1 -0.297742 0.000331
2 -0.297363 0.000331
3 -0.296983 0.000331
4 -0.296603 0.000331
5 -0.296224 0.000331
6 -0.295844 0.000331
7 -0.295465 0.000331
8 -0.295086 0.000331
9 -0.294706 0.000331
10 -0.294327 0.000331
11 -0.293948 0.000331
12 -0.293569 0.000331
13 -0.293190 0.000331
14 -0.292812 0.000331
15 -0.292433 0.000331
16 -0.292054 0.000331
17 -0.291676 0.000331
18 -0.291297 0.000331
19 -0.290919 0.000331
20 -0.290540 0.000331
21 -0.290162 0.000331
22 -0.289784 0.000331
23 -0.289406 0.000331
24 -0.289028 0.000331
25 -0.288650 0.000331
26 -0.288272 0.000331
27 -0.287894 0.000331
28 -0.287516 0.000331
29 -0.287139 0.000331
30 -0.286761 0.000331
31 -0.286384 0.000331
32 -0.286006 0.000331
33 -0.285629 0.000331
34 -0.285252 0.000331
35 -0.284875 0.000331
36 -0.284498 0.000331
37 -0.284121 0.000331
38 -0.283744 0.000331
39 -0.283367 0.000331
40 -0.282990 0.000331
41 -0.282613 0.000331
42 -0.282237 0.000331
43 -0.281860 0.000331
44 -0.281484 0.000331
45 -0.281107 0.000331
46 -0.280731 0.000331
47 -0.280355 0.000331
48 -0.279979 0.000331
49 -0.279603 0.000331
50 -0.279227 0.000331
51 -0.278851 0.000331
52 -0.278475 0.000331
53 -0.278099 0.000331
54 -0.277723 0.000331
55 -0.277348 0.000331
56 -0.276972 0.000331
57 -0.276597 0.000331
58 -0.276221 0.000331
59 -0.275846 0.000331
60 -0.275471 0.000331
61 -0.275096 0.000331
62 -0.274721 0.000331
63 -0.274346 0.000331
64 -0.273971 0.000331
65 -0.273596 0.000331
66 -0.273221 0.000331
67 -0.272846 0.000331
68 -0.272472 0.000331
69 -0.272097 0.000331
70 -0.271723 0.000331
71 -0.271348 0.000331
72 -0.270974 0.000331
73 -0.270600 0.000331
74 -0.270226 0.000331
75 -0.269852 0.000331
76 -0.269478 0.000331
77 -0.269104 0.000331
78 -0.268730 0.000331
79 -0.268356 0.000331
80 -0.267982 0.000331
81 -0.267609 0.000331
82 -0.267235 0.000331
83 -0.266862 0.000331
84 -0.266488 0.000331
85 -0.266115 0.000331
86 -0.265742 0.000331
87 -0.265369 0.000331
88 -0.264996 0.000331
89 -0.264623 0.000331
90 -0.264250 0.000331
91 -0.263877 0.000331
92 -0.263504 0.000331
93 -0.263131 0.000331
94 -0.262759 0.000331
95 -0.262386 0.000331
96 -0.262014 0.000331
97 -0.261641 0.000331
98 -0.261269 0.000331
99 -0.260897 0.000331
100 -0.260525 0.000331
101 -0.260152 0.000331
102 -0.259780 0.000331
103 -0.259408 0.000331
104 -0.259037 0.000331
105 -0.258665 0.000331
106 -0.258293 0.000331
107 -0.257921 0.000331
108 -0.257550 0.000331
109 -0.257178 0.000331
110 -0.256807 0.000331
111 -0.256436 0.000331
112 -0.256064 0.000331
113 -0.255693 0.000331
114 -0.255322 0.000331
115 -0.254951 0.000331
116 -0.254580 0.000331
117 -0.254209 0.000331
118 -0.253838 0.000331
119 -0.253467 0.000331
120 -0.253097 0.000331
121 -0.252726 0.000331
122 -0.252356 0.000331
123 -0.251985 0.000331
124 -0.251615 0.000331
125 -0.251244 0.000331
126 -0.250874 0.000331
127 -0.250504 0.000331
128 -0.250134 0.000331
129 -0.249764 0.000331
130 -0.249394 0.000331
131 -0.249024 0.000331
132 -0.248654 0.000331
133 -0.248285 0.000331
134 -0.247915 0.000331
135 -0.247545 0.000331
136 -0.247176 0.000331
137 -0.246807 0.000331
138 -0.246437 0.000331
139 -0.246068 0.000331
140 -0.245699 0.000331
141 -0.245330 0.000331
142 -0.244961 0.000331
143 -0.244592 0.000331
144 -0.244223 0.000331
145 -0.243854 0.000331
146 -0.243485 0.000331
147 -0.243116 0.000331
148 -0.242748 0.000331
149 -0.242379 0.000331
150 -0.242011 0.000331
151 -0.241642 0.000331
152 -0.241274 0.000331
153 -0.240906 0.000331
154 -0.240538 0.000331
155 -0.240170 0.000331
156 -0.239802 0.000331
157 -0.239434 0.000331
158 -0.239066 0.000331
159 -0.238698 0.000331
160 -0.238330 0.000331
161 -0.237963 0.000331
162 -0.237595 0.000331
163 -0.237227 0.000331
164 -0.236860 0.000331
165 -0.236493 0.000331
166 -0.236125 0.000331
167 -0.235758 0.000331
168 -0.235391 0.000331
169 -0.235024 0.000331
170 -0.234657 0.000331
171 -0.234290 0.000331
172 -0.233923 0.000331
173 -0.233556 0.000331
174 -0.233190 0.000331
175 -0.232823 0.000331
176 -0.232456 0.000331
177 -0.232090 0.000331
178 -0.231723 0.000331
179 -0.231357 0.000331
180 -0.230991 0.000331
181 -0.230625 0.000331
182 -0.230258 0.000331
183 -0.229892 0.000331
184 -0.229526 0.000331
185 -0.229160 0.000331
186 -0.228795 0.000331
187 -0.228429 0.000331
188 -0.228063 0.000331
189 -0.227697 0.000331
190 -0.227332 0.000331
191 -0.226966 0.000331
192 -0.226601 0.000331
193 -0.226236 0.000331
194 -0.225870 0.000331
195 -0.225505 0.000331
196 -0.225140 0.000331
197 -0.224775 0.000331
198 -0.224410 0.000331
199 -0.224045 0.000331
200 -0.223680 0.000331
201 -0.223315 0.000331
202 -0.222951 0.000331
203 -0.222586 0.000331
204 -0.222221 0.000331
205 -0.221857 0.000331
206 -0.221492 0.000331
207 -0.221128 0.000331
208 -0.220764 0.000331
209 -0.220399 0.000331
210 -0.220035 0.000331
211 -0.219671 0.000331
212 -0.219307 0.000331
213 -0.218943 0.000331
214 -0.218579 0.000331
215 -0.218216 0.000331
216 -0.217852 0.000331
217 -0.217488 0.000331
218 -0.217125 0.000331
219 -0.216761 0.000331
220 -0.216398 0.000331
221 -0.216034 0.000331
222 -0.215671 0.000331
223 -0.215308 0.000331
224 -0.214945 0.000331
225 -0.214582 0.000331
226 -0.214219 0.000331
227 -0.213856 0.000331
228 -0.213493 0.000331
229 -0.213130 0.000331
230 -0.212767 0.000331
231 -0.212404 0.000331
232 -0.212042 0.000331
233 -0.211679 0.000331
234 -0.211317 0.000331
235 -0.210954 0.000331
236 -0.210592 0.000331
237 -0.210230 0.000331
238 -0.209868 0.000331
239 -0.209506 0.000331
240 -0.209143 0.000331
241 -0.208782 0.000331
242 -0.208420 0.000331
243 -0.208058 0.000331
244 -0.207696 0.000331
245 -0.207334 0.000331
246 -0.206973 0.000331
247 -0.206611 0.000331
248 -0.206250 0.000331
249 -0.205888 0.000331
250 -0.205527 0.000331
251 -0.205165 0.000331
252 -0.204804 0.000331
253 -0.204443 0.000331
254 -0.204082 0.000331
255 -0.203721 0.000331
256 -0.203360 0.000331
257 -0.202999 0.000331
258 -0.202638 0.000331
259 -0.202278 0.000331
260 -0.201917 0.000331
261 -0.201556 0.000331
262 -0.201196 0.000331
263 -0.200835 0.000331
264 -0.200475 0.000331
265 -0.200115 0.000331
266 -0.199754 0.000331
267 -0.199394 0.000331
268 -0.199034 0.000331
269 -0.198674 0.000331
270 -0.198314 0.000331
271 -0.197954 0.000331
272 -0.197594 0.000331
273 -0.197234 0.000331
274 -0.196875 0.000331
275 -0.196515 0.000331
276 -0.196155 0.000331
277 -0.195796 0.000331
278 -0.195437 0.000331
279 -0.195077 0.000331
280 -0.194718 0.000331
281 -0.194359 0.000331
282 -0.193999 0.000331
283 -0.193640 0.000331
284 -0.193281 0.000331
285 -0.192922 0.000331
286 -0.192563 0.000331
287 -0.192205 0.000331
288 -0.191846 0.000331
289 -0.191487 0.000331
290 -0.191128 0.000331
291 -0.190770 0.000331
292 -0.190411 0.000331
293 -0.190053 0.000331
294 -0.189695 0.000331
295 -0.189336 0.000331
296 -0.188978 0.000331
297 -0.188620 0.000331
298 -0.188262 0.000331
299 -0.187904 0.000331
300 -0.187546 0.000331
301 -0.187188 0.000331
302 -0.186830 0.000331
303 -0.186472 0.000331
304 -0.186115 0.000331
305 -0.185757 0.000331
306 -0.185399 0.000331
307 -0.185042 0.000331
308 -0.184684 0.000331
309 -0.184327 0.000331
310 -0.183970 0.000331
311 -0.183612 0.000331
312 -0.183255 0.000331
313 -0.182898 0.000331
314 -0.182541 0.000331
315 -0.182184 0.000331
316 -0.181827 0.000331
317 -0.181470 0.000331
318 -0.181114 0.000331
319 -0.180757 0.000331
320 -0.180400 0.000331
321 -0.180044 0.000331
322 -0.179687 0.000331
323 -0.179331 0.000331
324 -0.178974 0.000331
325 -0.178618 0.000331
326 -0.178262 0.000331
327 -0.177906 0.000331
328 -0.177550 0.000331
329 -0.177194 0.000331
330 -0.176838 0.000331
331 -0.176482 0.000331
332 -0.176126 0.000331
333 -0.175770 0.000331
334 -0.175414 0.000331
335 -0.175059 0.000331
336 -0.174703 0.000331
337 -0.174347 0.000331
338 -0.173992 0.000331
339 -0.173637 0.000331
340 -0.173281 0.000331
341 -0.172926 0.000331
342 -0.172571 0.000331
343 -0.172216 0.000331
344 -0.171861 0.000331
345 -0.171506 0.000331
346 -0.171151 0.000331
347 -0.170796 0.000331
348 -0.170441 0.000331
349 -0.170086 0.000331
350 -0.169731 0.000331
351 -0.169377 0.000331
352 -0.169022 0.000331
353 -0.168668 0.000331
354 -0.168313 0.000331
355 -0.167959 0.000331
356 -0.167605 0.000331
357 -0.167251 0.000331
358 -0.166896 0.000331
359 -0.166542 0.000331
360 -0.166188 0.000331
361 -0.165834 0.000331
362 -0.165480 0.000331
363 -0.165126 0.000331
364 -0.164773 0.000331
365 -0.164419 0.000331
366 -0.164065 0.000331
367 -0.163712 0.000331
368 -0.163358 0.000331
369 -0.163005 0.000331
370 -0.162651 0.000331
371 -0.162298 0.000331
372 -0.161945 0.000331
373 -0.161591 0.000331
374 -0.161238 0.000331
375 -0.160885 0.000331
376 -0.160532 0.000331
377 -0.160179 0.000331
378 -0.159826 0.000331
379 -0.159474 0.000331
380 -0.159121 0.000331
381 -0.158768 0.000331
382 -0.158415 0.000331
383 -0.158063 0.000331
384 -0.157710 0.000331
385 -0.157358 0.000331
386 -0.157006 0.000331
387 -0.156653 0.000331
388 -0.156301 0.000331
389 -0.155949 0.000331
390 -0.155597 0.000331
391 -0.155245 0.000331
392 -0.154893 0.000331
393 -0.154541 0.000331
394 -0.154189 0.000331
395 -0.153837 0.000331
396 -0.153485 0.000331
397 -0.153133 0.000331
398 -0.152782 0.000331
399 -0.152430 0.000331
400 -0.152079 0.000331
401 -0.151727 0.000331
402 -0.151376 0.000331
403 -0.151025 0.000331
404 -0.150673 0.000331
405 -0.150322 0.000331
406 -0.149971 0.000331
407 -0.149620 0.000331
408 -0.149269 0.000331
409 -0.148918 0.000331
410 -0.148567 0.000331
411 -0.148216 0.000331
412 -0.147866 0.000331
413 -0.147515 0.000331
414 -0.147164 0.000331
415 -0.146814 0.000331
416 -0.146463 0.000331
417 -0.146113 0.000331
418 -0.145762 0.000331
419 -0.145412 0.000331
420 -0.145062 0.000331
421 -0.144711 0.000331
422 -0.144361 0.000331
423 -0.144011 0.000331
424 -0.143661 0.000331
425 -0.143311 0.000331
426 -0.142961 0.000331
427 -0.142611 0.000331
428 -0.142262 0.000331
429 -0.141912 0.000331
430 -0.141562 0.000331
431 -0.141213 0.000331
432 -0.140863 0.000331
433 -0.140514 0.000331
434 -0.140164 0.000331
435 -0.139815 0.000331
436 -0.139466 0.000331
437 -0.139116 0.000331
438 -0.138767 0.000331
439 -0.138418 0.000331
440 -0.138069 0.000331
441 -0.137720 0.000331
442 -0.137371 0.000331
443 -0.137022 0.000331
444 -0.136674 0.000331
445 -0.136325 0.000331
446 -0.135976 0.000331
447 -0.135628 0.000331
448 -0.135279 0.000331
449 -0.134931 0.000331
450 -0.134582 0.000331
451 -0.134234 0.000331
452 -0.133885 0.000331
453 -0.133537 0.000331
454 -0.133189 0.000331
455 -0.132841 0.000331
456 -0.132493 0.000331
457 -0.132145 0.000331
458 -0.131797 0.000331
459 -0.131449 0.000331
460 -0.131101 0.000331
461 -0.130753 0.000331
462 -0.130405 0.000331
463 -0.130058 0.000331
464 -0.129710 0.000331
465 -0.129363 0.000331
466 -0.129015 0.000331
467 -0.128668 0.000331
468 -0.128320 0.000331
469 -0.127973 0.000331
470 -0.127626 0.000331
471 -0.127279 0.000331
472 -0.126932 0.000331
473 -0.126585 0.000331
474 -0.126238 0.000331
475 -0.125891 0.000331
476 -0.125544 0.000331
477 -0.125197 0.000331
478 -0.124850 0.000331
479 -0.124503 0.000331
480 -0.124157 0.000331
481 -0.123810 0.000331
482 -0.123464 0.000331
483 -0.123117 0.000331
484 -0.122771 0.000331
485 -0.122424 0.000331
486 -0.122078 0.000331
487 -0.121732 0.000331
488 -0.121386 0.000331
489 -0.121040 0.000331
490 -0.120694 0.000331
491 -0.120348 0.000331
492 -0.120002 0.000331
493 -0.119656 0.000331
494 -0.119310 0.000331
495 -0.118964 0.000331
496 -0.118618 0.000331
497 -0.118273 0.000331
498 -0.117927 0.000331
499 -0.117582 0.000331
500 -0.117236 0.000331
501 -0.116891 0.000331
502 -0.116545 0.000331
503 -0.116200 0.000331
504 -0.115855 0.000331
505 -0.115510 0.000331
506 -0.115164 0.000331
507 -0.114819 0.000331
508 -0.114474 0.000331
509 -0.114129 0.000331
510 -0.113785 0.000331
511 -0.113440 0.000331
512 -0.113095 0.000331
513 -0.112750 0.000331
514 -0.112406 0.000331
515 -0.112061 0.000331
516 -0.111716 0.000331
517 -0.111372 0.000331
518 -0.111027 0.000331
519 -0.110683 0.000331
520 -0.110339 0.000331
521 -0.109994 0.000331
522 -0.109650 0.000331
523 -0.109306 0.000331
524 -0.108962 0.000331
525 -0.108618 0.000331
526 -0.108274 0.000331
527 -0.107930 0.000331
528 -0.107586 0.000331
529 -0.107242 0.000331
530 -0.106899 0.000331
531 -0.106555 0.000331
532 -0.106211 0.000331
533 -0.105868 0.000331
534 -0.105524 0.000331
535 -0.105181 0.000331
536 -0.104837 0.000331
537 -0.104494 0.000331
538 -0.104151 0.000331
539 -0.103807 0.000331
540 -0.103464 0.000331
541 -0.103121 0.000331
542 -0.102778 0.000331
543 -0.102435 0.000331
544 -0.102092 0.000331
545 -0.101749 0.000331
546 -0.101406 0.000331
547 -0.101064 0.000331
548 -0.100721 0.000331
549 -0.100378 0.000331
550 -0.100036 0.000331
551 -0.099693 0.000331
552 -0.099350 0.000331
553 -0.099008 0.000331
554 -0.098666 0.000331
555 -0.098323 0.000331
556 -0.097981 0.000331
557 -0.097639 0.000331
558 -0.097297 0.000331
559 -0.096954 0.000331
560 -0.096612 0.000331
561 -0.096270 0.000331
562 -0.095928 0.000331
563 -0.095587 0.000331
564 -0.095245 0.000331
565 -0.094903 0.000331
566 -0.094561 0.000331
567 -0.094220 0.000331
568 -0.093878 0.000331
569 -0.093536 0.000331
570 -0.093195 0.000331
571 -0.092853 0.000331
572 -0.092512 0.000331
573 -0.092171 0.000331
574 -0.091829 0.000331
575 -0.091488 0.000331
576 -0.091147 0.000331
577 -0.090806 0.000331
578 -0.090465 0.000331
579 -0.090124 0.000331
580 -0.089783 0.000331
581 -0.089442 0.000331
582 -0.089101 0.000331
583 -0.088760 0.000331
584 -0.088419 0.000331
585 -0.088079 0.000331
586 -0.087738 0.000331
587 -0.087398 0.000331
588 -0.087057 0.000331
589 -0.086717 0.000331
590 -0.086376 0.000331
591 -0.086036 0.000331
592 -0.085695 0.000331
593 -0.085355 0.000331
594 -0.085015 0.000331
595 -0.084675 0.000331
596 -0.084335 0.000331
597 -0.083995 0.000331
598 -0.083655 0.000331
599 -0.083315 0.000331
600 -0.082975 0.000331
601 -0.082635 0.000331
602 -0.082295 0.000331
603 -0.081956 0.000331
604 -0.081616 0.000331
605 -0.081276 0.000331
606 -0.080937 0.000331
607 -0.080597 0.000331
608 -0.080258 0.000331
609 -0.079919 0.000331
610 -0.079579 0.000331
611 -0.079240 0.000331
612 -0.078901 0.000331
613 -0.078562 0.000331
614 -0.078222 0.000331
615 -0.077883 0.000331
616 -0.077544 0.000331
617 -0.077205 0.000331
618 -0.076866 0.000331
619 -0.076528 0.000331
620 -0.076189 0.000331
621 -0.075850 0.000331
622 -0.075511 0.000331
623 -0.075173 0.000331
624 -0.074834 0.000331
625 -0.074496 0.000331
626 -0.074157 0.000331
627 -0.073819 0.000331
628 -0.073480 0.000331
629 -0.073142 0.000331
630 -0.072804 0.000331
631 -0.072465 0.000331
632 -0.072127 0.000331
633 -0.071789 0.000331
634 -0.071451 0.000331
635 -0.071113 0.000331
636 -0.070775 0.000331
637 -0.070437 0.000331
638 -0.070099 0.000331
639 -0.069761 0.000331
640 -0.069424 0.000331
641 -0.069086 0.000331
642 -0.068748 0.000331
643 -0.068411 0.000331
644 -0.068073 0.000331
645 -0.067736 0.000331
646 -0.067398 0.000331
647 -0.067061 0.000331
648 -0.066724 0.000331
649 -0.066386 0.000331
650 -0.066049 0.000331
651 -0.065712 0.000331
652 -0.065375 0.000331
653 -0.065038 0.000331
654 -0.064701 0.000331
655 -0.064364 0.000331
656 -0.064027 0.000331
657 -0.063690 0.000331
658 -0.063353 0.000331
659 -0.063016 0.000331
660 -0.062680 0.000331
661 -0.062343 0.000331
662 -0.062006 0.000331
663 -0.061670 0.000331
664 -0.061333 0.000331
665 -0.060997 0.000331
666 -0.060660 0.000331
667 -0.060324 0.000331
668 -0.059988 0.000331
669 -0.059651 0.000331
670 -0.059315 0.000331
671 -0.058979 0.000331
672 -0.058643 0.000331
673 -0.058307 0.000331
674 -0.057971 0.000331
675 -0.057635 0.000331
676 -0.057299 0.000331
677 -0.056963 0.000331
678 -0.056627 0.000331
679 -0.056292 0.000331
680 -0.055956 0.000331
681 -0.055620 0.000331
682 -0.055285 0.000331
683 -0.054949 0.000331
684 -0.054614 0.000331
685 -0.054278 0.000331
686 -0.053943 0.000331
687 -0.053607 0.000331
688 -0.053272 0.000331
689 -0.052937 0.000331
690 -0.052602 0.000331
691 -0.052266 0.000331
692 -0.051931 0.000331
693 -0.051596 0.000331
694 -0.051261 0.000331
695 -0.050926 0.000331
696 -0.050591 0.000331
697 -0.050257 0.000331
698 -0.049922 0.000331
699 -0.049587 0.000331
700 -0.049252 0.000331
701 -0.048918 0.000331
702 -0.048583 0.000331
703 -0.048249 0.000331
704 -0.047914 0.000331
705 -0.047580 0.000331
706 -0.047245 0.000331
707 -0.046911 0.000331
708 -0.046577 0.000331
709 -0.046242 0.000331
710 -0.045908 0.000331
711 -0.045574 0.000331
712 -0.045240 0.000331
713 -0.044906 0.000331
714 -0.044572 0.000331
715 -0.044238 0.000331
716 -0.043904 0.000331
717 -0.043570 0.000331
718 -0.043236 0.000331
719 -0.042902 0.000331
720 -0.042569 0.000331
721 -0.042235 0.000331
722 -0.041901 0.000331
723 -0.041568 0.000331
724 -0.041234 0.000331
725 -0.040901 0.000331
726 -0.040567 0.000331
727 -0.040234 0.000331
728 -0.039901 0.000331
729 -0.039567 0.000331
730 -0.039234 0.000331
731 -0.038901 0.000331
732 -0.038568 0.000331
733 -0.038235 0.000331
734 -0.037902 0.000331
735 -0.037569 0.000331
736 -0.037236 0.000331
737 -0.036903 0.000331
738 -0.036570 0.000331
739 -0.036237 0.000331
740 -0.035905 0.000331
741 -0.035572 0.000331
742 -0.035239 0.000331
743 -0.034907 0.000331
744 -0.034574 0.000331
745 -0.034241 0.000331
746 -0.033909 0.000331
747 -0.033577 0.000331
748 -0.033244 0.000331
749 -0.032912 0.000331
750 -0.032580 0.000331
751 -0.032247 0.000331
752 -0.031915 0.000331
753 -0.031583 0.000331
754 -0.031251 0.000331
755 -0.030919 0.000331
756 -0.030587 0.000331
757 -0.030255 0.000331
758 -0.029923 0.000331
759 -0.029591 0.000331
760 -0.029259 0.000331
761 -0.028928 0.000331
762 -0.028596 0.000331
763 -0.028264 0.000331
764 -0.027933 0.000331
765 -0.027601 0.000331
766 -0.027270 0.000331
767 -0.026938 0.000331
768 -0.026607 0.000331
769 -0.026275 0.000331
770 -0.025944 0.000331
771 -0.025613 0.000331
772 -0.025281 0.000331
773 -0.024950 0.000331
774 -0.024619 0.000331
775 -0.024288 0.000331
776 -0.023957 0.000331
777 -0.023626 0.000331
778 -0.023295 0.000331
779 -0.022964 0.000331
780 -0.022633 0.000331
781 -0.022302 0.000331
782 -0.021972 0.000331
783 -0.021641 0.000331
784 -0.021310 0.000331
785 -0.020980 0.000331
786 -0.020649 0.000331
787 -0.020318 0.000331
788 -0.019988 0.000331
789 -0.019657 0.000331
790 -0.019327 0.000331
791 -0.018997 0.000331
792 -0.018666 0.000331
793 -0.018336 0.000331
794 -0.018006 0.000331
795 -0.017676 0.000331
796 -0.017345 0.000331
797 -0.017015 0.000331
798 -0.016685 0.000331
799 -0.016355 0.000331
800 -0.016025 0.000331
801 -0.015695 0.000331
802 -0.015366 0.000331
803 -0.015036 0.000331
804 -0.014706 0.000331
805 -0.014376 0.000331
806 -0.014047 0.000331
807 -0.013717 0.000331
808 -0.013387 0.000331
809 -0.013058 0.000331
810 -0.012728 0.000331
811 -0.012399 0.000331
812 -0.012069 0.000331
813 -0.011740 0.000331
814 -0.011411 0.000331
815 -0.011081 0.000331
816 -0.010752 0.000331
817 -0.010423 0.000331
818 -0.010094 0.000331
819 -0.009765 0.000331
820 -0.009436 0.000331
821 -0.009107 0.000331
822 -0.008778 0.000331
823 -0.008449 0.000331
824 -0.008120 0.000331
825 -0.007791 0.000331
826 -0.007462 0.000331
827 -0.007134 0.000331
828 -0.006805 0.000331
829 -0.006476 0.000331
830 -0.006148 0.000331
831 -0.005819 0.000331
832 -0.005490 0.000331
833 -0.005162 0.000331
834 -0.004833 0.000331
835 -0.004505 0.000331
836 -0.004177 0.000331
837 -0.003848 0.000331
838 -0.003520 0.000331
839 -0.003192 0.000331
840 -0.002864 0.000331
841 -0.002536 0.000331
842 -0.002208 0.000331
843 -0.001879 0.000331
844 -0.001551 0.000331
845 -0.001224 0.000331
846 -0.000896 0.000331
847 -0.000568 0.000331
848 -0.000240 0.000331
849 0.000088 0.000331
850 0.000416 0.000331
851 0.000743 0.000331
852 0.001071 0.000331
853 0.001399 0.000331
854 0.001726 0.000331
855 0.002054 0.000331
856 0.002381 0.000331
857 0.002709 0.000331
858 0.003036 0.000331
859 0.003363 0.000331
860 0.003691 0.000331
861 0.004018 0.000331
862 0.004345 0.000331
863 0.004672 0.000331
864 0.005000 0.000331
865 0.005327 0.000331
866 0.005654 0.000331
867 0.005981 0.000331
868 0.006308 0.000331
869 0.006635 0.000331
870 0.006962 0.000331
871 0.007288 0.000331
872 0.007615 0.000331
873 0.007942 0.000331
874 0.008269 0.000331
875 0.008595 0.000331
876 0.008922 0.000331
877 0.009249 0.000331
878 0.009575 0.000331
879 0.009902 0.000331
880 0.010228 0.000331
881 0.010555 0.000331
882 0.010881 0.000331
883 0.011207 0.000331
884 0.011534 0.000331
885 0.011860 0.000331
886 0.012186 0.000331
887 0.012512 0.000331
888 0.012838 0.000331
889 0.013165 0.000331
890 0.013491 0.000331
891 0.013817 0.000331
892 0.014143 0.000331
893 0.014469 0.000331
894 0.014794 0.000331
895 0.015120 0.000331
896 0.015446 0.000331
897 0.015772 0.000331
898 0.016098 0.000331
899 0.016423 0.000331
900 0.016749 0.000331
901 0.017075 0.000331
902 0.017400 0.000331
903 0.017726 0.000331
904 0.018051 0.000331
905 0.018377 0.000331
906 0.018702 0.000331
907 0.019027 0.000331
908 0.019353 0.000331
909 0.019678 0.000331
910 0.020003 0.000331
911 0.020328 0.000331
912 0.020653 0.000331
913 0.020979 0.000331
914 0.021304 0.000331
915 0.021629 0.000331
916 0.021954 0.000331
917 0.022279 0.000331
918 0.022604 0.000331
919 0.022928 0.000331
920 0.023253 0.000331
921 0.023578 0.000331
922 0.023903 0.000331
923 0.024227 0.000331
924 0.024552 0.000331
925 0.024877 0.000331
926 0.025201 0.000331
927 0.025526 0.000331
928 0.025850 0.000331
929 0.026175 0.000331
930 0.026499 0.000331
931 0.026824 0.000331
932 0.027148 0.000331
933 0.027472 0.000331
934 0.027797 0.000331
935 0.028121 0.000331
936 0.028445 0.000331
937 0.028769 0.000331
938 0.029093 0.000331
939 0.029417 0.000331
940 0.029741 0.000331
941 0.030065 0.000331
942 0.030389 0.000331
943 0.030713 0.000331
944 0.031037 0.000331
945 0.031361 0.000331
946 0.031685 0.000331
947 0.032009 0.000331
948 0.032332 0.000331
949 0.032656 0.000331
950 0.032980 0.000331
951 0.033303 0.000331
952 0.033627 0.000331
953 0.033950 0.000331
954 0.034274 0.000331
955 0.034597 0.000331
956 0.034921 0.000331
957 0.035244 0.000331
958 0.035567 0.000331
959 0.035891 0.000331
960 0.036214 0.000331
961 0.036537 0.000331
962 0.036860 0.000331
963 0.037184 0.000331
964 0.037507 0.000331
965 0.037830 0.000331
966 0.038153 0.000331
967 0.038476 0.000331
968 0.038799 0.000331
969 0.039122 0.000331
970 0.039445 0.000331
971 0.039767 0.000331
972 0.040090 0.000331
973 0.040413 0.000331
974 0.040736 0.000331
975 0.041058 0.000331
976 0.041381 0.000331
977 0.041704 0.000331
978 0.042026 0.000331
979 0.042349 0.000331
980 0.042671 0.000331
981 0.042994 0.000331
982 0.043316 0.000331
983 0.043639 0.000331
984 0.043961 0.000331
985 0.044283 0.000331
986 0.044605 0.000331
987 0.044928 0.000331
988 0.045250 0.000331
989 0.045572 0.000331
990 0.045894 0.000331
991 0.046216 0.000331
992 0.046538 0.000331
993 0.046860 0.000331
994 0.047182 0.000331
995 0.047504 0.000331
996 0.047826 0.000331
997 0.048148 0.000331
998 0.048470 0.000331
999 0.048792 0.000331
1000 0.049113 0.000331
1001 0.049435 0.000331
1002 0.049757 0.000331
1003 0.050078 0.000331
1004 0.050400 0.000331
1005 0.050722 0.000331
1006 0.051043 0.000331
1007 0.051365 0.000331
1008 0.051686 0.000331
1009 0.052008 0.000331
1010 0.052329 0.000331
1011 0.052650 0.000331
1012 0.052972 0.000331
1013 0.053293 0.000331
1014 0.053614 0.000331
1015 0.053935 0.000331
1016 0.054257 0.000331
1017 0.054578 0.000331
1018 0.054899 0.000331
1019 0.055220 0.000331
1020 0.055541 0.000331
1021 0.055862 0.000331
1022 0.056183 0.000331
1023 0.056504 0.000331
1024 0.056825 0.000331
1025 0.057146 0.000331
1026 0.057466 0.000331
1027 0.057787 0.000331
1028 0.058108 0.000331
1029 0.058429 0.000331
1030 0.058749 0.000331
1031 0.059070 0.000331
1032 0.059391 0.000331
1033 0.059711 0.000331
1034 0.060032 0.000331
1035 0.060352 0.000331
1036 0.060673 0.000331
1037 0.060993 0.000331
1038 0.061313 0.000331
1039 0.061634 0.000331
1040 0.061954 0.000331
1041 0.062274 0.000331
1042 0.062595 0.000331
1043 0.062915 0.000331
1044 0.063235 0.000331
1045 0.063555 0.000331
1046 0.063875 0.000331
1047 0.064195 0.000331
1048 0.064515 0.000331
1049 0.064835 0.000331
1050 0.065155 0.000331
1051 0.065475 0.000331
1052 0.065795 0.000331
1053 0.066115 0.000331
1054 0.066435 0.000331
1055 0.066755 0.000331
1056 0.067075 0.000331
1057 0.067394 0.000331
1058 0.067714 0.000331
1059 0.068034 0.000331
1060 0.068353 0.000331
1061 0.068673 0.000331
1062 0.068992 0.000331
1063 0.069312 0.000331
1064 0.069631 0.000331
1065 0.069951 0.000331
1066 0.070270 0.000331
1067 0.070590 0.000331
1068 0.070909 0.000331
1069 0.071228 0.000331
1070 0.071548 0.000331
1071 0.071867 0.000331
1072 0.072186 0.000331
1073 0.072505 0.000331
1074 0.072825 0.000331
1075 0.073144 0.000331
1076 0.073463 0.000331
1077 0.073782 0.000331
1078 0.074101 0.000331
1079 0.074420 0.000331
1080 0.074739 0.000331
1081 0.075058 0.000331
1082 0.075377 0.000331
1083 0.075696 0.000331
1084 0.076014 0.000331
1085 0.076333 0.000331
1086 0.076652 0.000331
1087 0.076971 0.000331
1088 0.077289 0.000331
1089 0.077608 0.000331
1090 0.077927 0.000331
1091 0.078245 0.000331
1092 0.078564 0.000331
1093 0.078882 0.000331
1094 0.079201 0.000331
1095 0.079519 0.000331
1096 0.079838 0.000331
1097 0.080156 0.000331
1098 0.080474 0.000331
1099 0.080793 0.000331
1100 0.081111 0.000331
1101 0.081429 0.000331
1102 0.081748 0.000331
1103 0.082066 0.000331
1104 0.082384 0.000331
1105 0.082702 0.000331
1106 0.083020 0.000331
1107 0.083338 0.000331
1108 0.083656 0.000331
1109 0.083974 0.000331
1110 0.084292 0.000331
1111 0.084610 0.000331
1112 0.084928 0.000331
1113 0.085246 0.000331
1114 0.085564 0.000331
1115 0.085882 0.000331
1116 0.086200 0.000331
1117 0.086517 0.000331
1118 0.086835 0.000331
1119 0.087153 0.000331
1120 0.087470 0.000331
1121 0.087788 0.000331
1122 0.088106 0.000331
1123 0.088423 0.000331
1124 0.088741 0.000331
1125 0.089058 0.000331
1126 0.089376 0.000331
1127 0.089693 0.000331
1128 0.090011 0.000331
1129 0.090328 0.000331
1130 0.090645 0.000331
1131 0.090963 0.000331
1132 0.091280 0.000331
1133 0.091597 0.000331
1134 0.091914 0.000331
1135 0.092232 0.000331
1136 0.092549 0.000331
1137 0.092866 0.000331
1138 0.093183 0.000331
1139 0.093500 0.000331
1140 0.093817 0.000331
1141 0.094134 0.000331
1142 0.094451 0.000331
1143 0.094768 0.000331
1144 0.095085 0.000331
1145 0.095402 0.000331
1146 0.095719 0.000331
1147 0.096035 0.000331
1148 0.096352 0.000331
1149 0.096669 0.000331
1150 0.096986 0.000331
1151 0.097302 0.000331
1152 0.097619 0.000331
1153 0.097936 0.000331
1154 0.098252 0.000331
1155 0.098569 0.000331
1156 0.098886 0.000331
1157 0.099202 0.000331
1158 0.099519 0.000331
1159 0.099835 0.000331
1160 0.100151 0.000331
1161 0.100468 0.000331
1162 0.100784 0.000331
1163 0.101101 0.000331
1164 0.101417 0.000331
1165 0.101733 0.000331
1166 0.102049 0.000331
1167 0.102366 0.000331
1168 0.102682 0.000331
1169 0.102998 0.000331
1170 0.103314 0.000331
1171 0.103630 0.000331
1172 0.103946 0.000331
1173 0.104262 0.000331
1174 0.104578 0.000331
1175 0.104894 0.000331
1176 0.105210 0.000331
1177 0.105526 0.000331
1178 0.105842 0.000331
1179 0.106158 0.000331
1180 0.106474 0.000331
1181 0.106790 0.000331
1182 0.107106 0.000331
1183 0.107421 0.000331
1184 0.107737 0.000331
1185 0.108053 0.000331
1186 0.108368 0.000331
1187 0.108684 0.000331
1188 0.109000 0.000331
1189 0.109315 0.000331
1190 0.109631 0.000331
1191 0.109946 0.000331
1192 0.110262 0.000331
1193 0.110577 0.000331
1194 0.110893 0.000331
1195 0.111208 0.000331
1196 0.111524 0.000331
1197 0.111839 0.000331
1198 0.112154 0.000331
1199 0.112470 0.000331
1200 0.112785 0.000331
1201 0.113100 0.000331
1202 0.113415 0.000331
1203 0.113730 0.000331
1204 0.114046 0.000331
1205 0.114361 0.000331
1206 0.114676 0.000331
1207 0.114991 0.000331
1208 0.115306 0.000331
1209 0.115621 0.000331
1210 0.115936 0.000331
1211 0.116251 0.000331
1212 0.116566 0.000331
1213 0.116881 0.000331
1214 0.117196 0.000331
1215 0.117511 0.000331
1216 0.117825 0.000331
1217 0.118140 0.000331
1218 0.118455 0.000331
1219 0.118770 0.000331
1220 0.119084 0.000331
1221 0.119399 0.000331
1222 0.119714 0.000331
1223 0.120028 0.000331
1224 0.120343 0.000331
1225 0.120658 0.000331
1226 0.120972 0.000331
1227 0.121287 0.000331
1228 0.121601 0.000331
1229 0.121916 0.000331
1230 0.122230 0.000331
1231 0.122545 0.000331
1232 0.122859 0.000331
1233 0.123173 0.000331
1234 0.123488 0.000331
1235 0.123802 0.000331
1236 0.124116 0.000331
1237 0.124431 0.000331
1238 0.124745 0.000331
1239 0.125059 0.000331
1240 0.125373 0.000331
1241 0.125687 0.000331
1242 0.126002 0.000331
1243 0.126316 0.000331
1244 0.126630 0.000331
1245 0.126944 0.000331
1246 0.127258 0.000331
1247 0.127572 0.000331
1248 0.127886 0.000331
1249 0.128200 0.000331
1250 0.128514 0.000331
1251 0.128828 0.000331
1252 0.129141 0.000331
1253 0.129455 0.000331
1254 0.129769 0.000331
1255 0.130083 0.000331
1256 0.130397 0.000331
1257 0.130710 0.000331
1258 0.131024 0.000331
1259 0.131338 0.000331
1260 0.131651 0.000331
1261 0.131965 0.000331
1262 0.132279 0.000331
1263 0.132592 0.000331
1264 0.132906 0.000331
1265 0.133219 0.000331
1266 0.133533 0.000331
1267 0.133846 0.000331
1268 0.134160 0.000331
1269 0.134473 0.000331
1270 0.134787 0.000331
1271 0.135100 0.000331
1272 0.135413 0.000331
1273 0.135727 0.000331
1274 0.136040 0.000331
1275 0.136353 0.000331
1276 0.136667 0.000331
1277 0.136980 0.000331
1278 0.137293 0.000331
1279 0.137606 0.000331
1280 0.137919 0.000331
1281 0.138233 0.000331
1282 0.138546 0.000331
1283 0.138859 0.000331
1284 0.139172 0.000331
1285 0.139485 0.000331
1286 0.139798 0.000331
1287 0.140111 0.000331
1288 0.140424 0.000331
1289 0.140737 0.000331
1290 0.141050 0.000331
1291 0.141363 0.000331
1292 0.141675 0.000331
1293 0.141988 0.000331
1294 0.142301 0.000331
1295 0.142614 0.000331
1296 0.142927 0.000331
1297 0.143239 0.000331
1298 0.143552 0.000331
1299 0.143865 0.000331
1300 0.144178 0.000331
1301 0.144490 0.000331
1302 0.144803 0.000331
1303 0.145115 0.000331
1304 0.145428 0.000331
1305 0.145741 0.000331
1306 0.146053 0.000331
1307 0.146366 0.000331
1308 0.146678 0.000331
1309 0.146991 0.000331
1310 0.147303 0.000331
1311 0.147615 0.000331
1312 0.147928 0.000331
1313 0.148240 0.000331
1314 0.148553 0.000331
1315 0.148865 0.000331
1316 0.149177 0.000331
1317 0.149489 0.000331
1318 0.149802 0.000331
1319 0.150114 0.000331
1320 0.150426 0.000331
1321 0.150738 0.000331
1322 0.151050 0.000331
1323 0.151363 0.000331
1324 0.151675 0.000331
1325 0.151987 0.000331
1326 0.152299 0.000331
1327 0.152611 0.000331
1328 0.152923 0.000331
1329 0.153235 0.000331
1330 0.153547 0.000331
1331 0.153859 0.000331
1332 0.154171 0.000331
1333 0.154483 0.000331
1334 0.154795 0.000331
1335 0.155107 0.000331
1336 0.155418 0.000331
1337 0.155730 0.000331
1338 0.156042 0.000331
1339 0.156354 0.000331
1340 0.156666 0.000331
1341 0.156977 0.000331
1342 0.157289 0.000331
1343 0.157601 0.000331
1344 0.157912 0.000331
1345 0.158224 0.000331
1346 0.158536 0.000331
1347 0.158847 0.000331
1348 0.159159 0.000331
1349 0.159470 0.000331
1350 0.159782 0.000331
1351 0.160093 0.000331
1352 0.160405 0.000331
1353 0.160716 0.000331
1354 0.161028 0.000331
1355 0.161339 0.000331
1356 0.161651 0.000331
1357 0.161962 0.000331
1358 0.162273 0.000331
1359 0.162585 0.000331
1360 0.162896 0.000331
1361 0.163207 0.000331
1362 0.163519 0.000331
1363 0.163830 0.000331
1364 0.164141 0.000331
1365 0.164452 0.000331
1366 0.164764 0.000331
1367 0.165075 0.000331
1368 0.165386 0.000331
1369 0.165697 0.000331
1370 0.166008 0.000331
1371 0.166319 0.000331
1372 0.166630 0.000331
1373 0.166941 0.000331
1374 0.167252 0.000331
1375 0.167564 0.000331
1376 0.167874 0.000331
1377 0.168185 0.000331
1378 0.168496 0.000331
1379 0.168807 0.000331
1380 0.169118 0.000331
1381 0.169429 0.000331
1382 0.169740 0.000331
1383 0.170051 0.000331
1384 0.170362 0.000331
1385 0.170672 0.000331
1386 0.170983 0.000331
1387 0.171294 0.000331
1388 0.171605 0.000331
1389 0.171916 0.000331
1390 0.172226 0.000331
1391 0.172537 0.000331
1392 0.172848 0.000331
1393 0.173158 0.000331
1394 0.173469 0.000331
1395 0.173779 0.000331
1396 0.174090 0.000331
1397 0.174401 0.000331
1398 0.174711 0.000331
1399 0.175022 0.000331
1400 0.175332 0.000331
1401 0.175643 0.000331
1402 0.175953 0.000331
1403 0.176264 0.000331
1404 0.176574 0.000331
1405 0.176884 0.000331
1406 0.177195 0.000331
1407 0.177505 0.000331
1408 0.177816 0.000331
1409 0.178126 0.000331
1410 0.178436 0.000331
1411 0.178747 0.000331
1412 0.179057 0.000331
1413 0.179367 0.000331
1414 0.179677 0.000331
1415 0.179988 0.000331
1416 0.180298 0.000331
1417 0.180608 0.000331
1418 0.180918 0.000331
1419 0.181228 0.000331
1420 0.181538 0.000331
1421 0.181848 0.000331
1422 0.182159 0.000331
1423 0.182469 0.000331
1424 0.182779 0.000331
1425 0.183089 0.000331
1426 0.183399 0.000331
1427 0.183709 0.000331
1428 0.184019 0.000331
1429 0.184329 0.000331
1430 0.184639 0.000331
1431 0.184948 0.000331
1432 0.185258 0.000331
1433 0.185568 0.000331
1434 0.185878 0.000331
1435 0.186188 0.000331
1436 0.186498 0.000331
1437 0.186808 0.000331
1438 0.187117 0.000331
1439 0.187427 0.000331
1440 0.187737 0.000331
1441 0.188047 0.000331
1442 0.188356 0.000331
1443 0.188666 0.000331
1444 0.188976 0.000331
1445 0.189286 0.000331
1446 0.189595 0.000331
1447 0.189905 0.000331
1448 0.190214 0.000331
1449 0.190524 0.000331
1450 0.190834 0.000331
1451 0.191143 0.000331
1452 0.191453 0.000331
1453 0.191762 0.000331
1454 0.192072 0.000331
1455 0.192381 0.000331
1456 0.192691 0.000331
1457 0.193000 0.000331
1458 0.193310 0.000331
1459 0.193619 0.000331
1460 0.193929 0.000331
1461 0.194238 0.000331
1462 0.194547 0.000331
1463 0.194857 0.000331
1464 0.195166 0.000331
1465 0.195475 0.000331
1466 0.195785 0.000331
1467 0.196094 0.000331
1468 0.196403 0.000331
1469 0.196713 0.000331
1470 0.197022 0.000331
1471 0.197331 0.000331
1472 0.197640 0.000331
1473 0.197949 0.000331
1474 0.198259 0.000331
1475 0.198568 0.000331
1476 0.198877 0.000331
1477 0.199186 0.000331
1478 0.199495 0.000331
1479 0.199804 0.000331
1480 0.200113 0.000331
1481 0.200422 0.000331
1482 0.200731 0.000331
1483 0.201040 0.000331
1484 0.201350 0.000331
1485 0.201659 0.000331
1486 0.201967 0.000331
1487 0.202276 0.000331
1488 0.202585 0.000331
1489 0.202894 0.000331
1490 0.203203 0.000331
1491 0.203512 0.000331
1492 0.203821 0.000331
1493 0.204130 0.000331
1494 0.204439 0.000331
1495 0.204748 0.000331
1496 0.205057 0.000331
1497 0.205365 0.000331
1498 0.205674 0.000331
1499 0.205983 0.000331
1500 0.206292 0.000331
1501 0.206600 0.000331
1502 0.206909 0.000331
1503 0.207218 0.000331
1504 0.207527 0.000331
1505 0.207835 0.000331
1506 0.208144 0.000331
1507 0.208453 0.000331
1508 0.208761 0.000331
1509 0.209070 0.000331
1510 0.209379 0.000331
1511 0.209687 0.000331
1512 0.209996 0.000331
1513 0.210304 0.000331
1514 0.210613 0.000331
1515 0.210921 0.000331
1516 0.211230 0.000331
1517 0.211538 0.000331
1518 0.211847 0.000331
1519 0.212155 0.000331
1520 0.212464 0.000331
1521 0.212772 0.000331
1522 0.213081 0.000331
1523 0.213389 0.000331
1524 0.213698 0.000331
1525 0.214006 0.000331
1526 0.214314 0.000331
1527 0.214623 0.000331
1528 0.214931 0.000331
1529 0.215240 0.000331
1530 0.215548 0.000331
1531 0.215856 0.000331
1532 0.216164 0.000331
1533 0.216473 0.000331
1534 0.216781 0.000331
1535 0.217089 0.000331
1536 0.217398 0.000331
1537 0.217706 0.000331
1538 0.218014 0.000331
1539 0.218322 0.000331
1540 0.218630 0.000331
1541 0.218939 0.000331
1542 0.219247 0.000331
1543 0.219555 0.000331
1544 0.219863 0.000331
1545 0.220171 0.000331
1546 0.220479 0.000331
1547 0.220787 0.000331
1548 0.221096 0.000331
1549 0.221404 0.000331
1550 0.221712 0.000331
1551 0.222020 0.000331
1552 0.222328 0.000331
1553 0.222636 0.000331
1554 0.222944 0.000331
1555 0.223252 0.000331
1556 0.223560 0.000331
1557 0.223868 0.000331
1558 0.224176 0.000331
1559 0.224484 0.000331
1560 0.224792 0.000331
1561 0.225099 0.000331
1562 0.225407 0.000331
1563 0.225715 0.000331
1564 0.226023 0.000331
1565 0.226331 0.000331
1566 0.226639 0.000331
1567 0.226947 0.000331
1568 0.227255 0.000331
1569 0.227562 0.000331
1570 0.227870 0.000331
1571 0.228178 0.000331
1572 0.228486 0.000331
1573 0.228794 0.000331
1574 0.229101 0.000331
1575 0.229409 0.000331
1576 0.229717 0.000331
1577 0.230024 0.000331
1578 0.230332 0.000331
1579 0.230640 0.000331
1580 0.230948 0.000331
1581 0.231255 0.000331
1582 0.231563 0.000331
1583 0.231871 0.000331
1584 0.232178 0.000331
1585 0.232486 0.000331
1586 0.232793 0.000331
1587 0.233101 0.000331
1588 0.233409 0.000331
1589 0.233716 0.000331
1590 0.234024 0.000331
1591 0.234331 0.000331
1592 0.234639 0.000331
1593 0.234946 0.000331
1594 0.235254 0.000331
1595 0.235562 0.000331
1596 0.235869 0.000331
1597 0.236177 0.000331
1598 0.236484 0.000331
1599 0.236791 0.000331
1600 0.237099 0.000331
1601 0.237406 0.000331
1602 0.237714 0.000331
1603 0.238021 0.000331
1604 0.238329 0.000331
1605 0.238636 0.000331
1606 0.238943 0.000331
1607 0.239251 0.000331
1608 0.239558 0.000331
1609 0.239866 0.000331
1610 0.240173 0.000331
1611 0.240480 0.000331
1612 0.240788 0.000331
1613 0.241095 0.000331
1614 0.241402 0.000331
1615 0.241710 0.000331
1616 0.242017 0.000331
1617 0.242324 0.000331
1618 0.242631 0.000331
1619 0.242939 0.000331
1620 0.243246 0.000331
1621 0.243553 0.000331
1622 0.243860 0.000331
1623 0.244168 0.000331
1624 0.244475 0.000331
1625 0.244782 0.000331
1626 0.245089 0.000331
1627 0.245396 0.000331
1628 0.245704 0.000331
1629 0.246011 0.000331
1630 0.246318 0.000331
1631 0.246625 0.000331
1632 0.246932 0.000331
1633 0.247239 0.000331
1634 0.247546 0.000331
1635 0.247853 0.000331
1636 0.248161 0.000331
1637 0.248468 0.000331
1638 0.248775 0.000331
1639 0.249082 0.000331
1640 0.249389 0.000331
1641 0.249696 0.000331
1642 0.250003 0.000331
1643 0.250310 0.000331
1644 0.250617 0.000331
1645 0.250924 0.000331
1646 0.251231 0.000331
1647 0.251538 0.000331
1648 0.251845 0.000331
1649 0.252152 0.000331
1650 0.252459 0.000331
1651 0.252766 0.000331
1652 0.253073 0.000331
1653 0.253380 0.000331
1654 0.253687 0.000331
1655 0.253994 0.000331
1656 0.254300 0.000331
1657 0.254607 0.000331
1658 0.254914 0.000331
1659 0.255221 0.000331
1660 0.255528 0.000331
1661 0.255835 0.000331
1662 0.256142 0.000331
1663 0.256449 0.000331
1664 0.256755 0.000331
1665 0.257062 0.000331
1666 0.257369 0.000331
1667 0.257676 0.000331
1668 0.257983 0.000331
1669 0.258290 0.000331
1670 0.258596 0.000331
1671 0.258903 0.000331
1672 0.259210 0.000331
1673 0.259517 0.000331
1674 0.259823 0.000331
1675 0.260130 0.000331
1676 0.260437 0.000331
1677 0.260744 0.000331
1678 0.261050 0.000331
1679 0.261357 0.000331
1680 0.261664 0.000331
1681 0.261971 0.000331
1682 0.262277 0.000331
1683 0.262584 0.000331
1684 0.262891 0.000331
1685 0.263197 0.000331
1686 0.263504 0.000331
1687 0.263811 0.000331
1688 0.264117 0.000331
1689 0.264424 0.000331
1690 0.264731 0.000331
1691 0.265037 0.000331
1692 0.265344 0.000331
1693 0.265651 0.000331
1694 0.265957 0.000331
1695 0.266264 0.000331
1696 0.266570 0.000331
1697 0.266877 0.000331
1698 0.267184 0.000331
1699 0.267490 0.000331
1700 0.267797 0.000331
1701 0.268103 0.000331
1702 0.268410 0.000331
1703 0.268717 0.000331
1704 0.269023 0.000331
1705 0.269330 0.000331
1706 0.269636 0.000331
1707 0.269943 0.000331
1708 0.270249 0.000331
1709 0.270556 0.000331
1710 0.270862 0.000331
1711 0.271169 0.000331
1712 0.271475 0.000331
1713 0.271782 0.000331
1714 0.272088 0.000331
1715 0.272395 0.000331
1716 0.272701 0.000331
1717 0.273008 0.000331
1718 0.273314 0.000331
1719 0.273621 0.000331
1720 0.273927 0.000331
1721 0.274234 0.000331
1722 0.274540 0.000331
1723 0.274846 0.000331
1724 0.275153 0.000331
1725 0.275459 0.000331
1726 0.275766 0.000331
1727 0.276072 0.000331
1728 0.276379 0.000331
1729 0.276685 0.000331
1730 0.276991 0.000331
1731 0.277298 0.000331
1732 0.277604 0.000331
1733 0.277910 0.000331
1734 0.278217 0.000331
1735 0.278523 0.000331
1736 0.278830 0.000331
1737 0.279136 0.000331
1738 0.279442 0.000331
1739 0.279749 0.000331
1740 0.280055 0.000331
1741 0.280361 0.000331
1742 0.280668 0.000331
1743 0.280974 0.000331
1744 0.281280 0.000331
1745 0.281587 0.000331
1746 0.281893 0.000331
1747 0.282199 0.000331
1748 0.282506 0.000331
1749 0.282812 0.000331
1750 0.283118 0.000331
1751 0.283425 0.000331
1752 0.283731 0.000331
1753 0.284037 0.000331
1754 0.284343 0.000331
1755 0.284650 0.000331
1756 0.284956 0.000331
1757 0.285262 0.000331
1758 0.285568 0.000331
1759 0.285875 0.000331
1760 0.286181 0.000331
1761 0.286487 0.000331
1762 0.286793 0.000331
1763 0.287100 0.000331
1764 0.287406 0.000331
1765 0.287712 0.000331
1766 0.288018 0.000331
1767 0.288325 0.000331
1768 0.288631 0.000331
1769 0.288937 0.000331
1770 0.289243 0.000331
1771 0.289550 0.000331
1772 0.289856 0.000331
1773 0.290162 0.000331
1774 0.290468 0.000331
1775 0.290774 0.000331
1776 0.291081 0.000331
1777 0.291387 0.000331
1778 0.291693 0.000331
1779 0.291999 0.000331
1780 0.292305 0.000331
1781 0.292611 0.000331
1782 0.292918 0.000331
1783 0.293224 0.000331
1784 0.293530 0.000331
1785 0.293836 0.000331
1786 0.294142 0.000331
1787 0.294449 0.000331
1788 0.294755 0.000331
1789 0.295061 0.000331
1790 0.295367 0.000331
1791 0.295673 0.000331
1792 0.295979 0.000331
1793 0.296285 0.000331
1794 0.296592 0.000331
1795 0.296898 0.000331
1796 0.297204 0.000331
1797 0.297510 0.000331
1798 0.297816 0.000331
1799 0.298122 0.000331
