pixel vinkelx vinkely
0 0.14413974667804003000 0.00016024429869709842
1 0.14395994771868625000 0.00016024429869709842
2 0.14378017522677133000 0.00016024429869709842
3 0.14360042919442234000 0.00016024429869709842
4 0.14342070961376646000 0.00016024429869709842
5 0.14324101647693066000 0.00016024429869709842
6 0.14306134977604218000 0.00016024429869709842
7 0.14288170950322798000 0.00016024429869709842
8 0.14270209565061526000 0.00016024429869709842
9 0.14252250821033108000 0.00016024429869709842
10 0.14234294717450252000 0.00016024429869709842
11 0.14216341253525666000 0.00016024429869709842
12 0.14198390428472069000 0.00016024429869709842
13 0.14180442241502156000 0.00016024429869709842
14 0.14162496691828647000 0.00016024429869709842
15 0.14144553778664248000 0.00016024429869709842
16 0.14126613501221674000 0.00016024429869709842
17 0.14108675858713626000 0.00016024429869709842
18 0.14090740850352818000 0.00016024429869709842
19 0.14072808475351956000 0.00016024429869709842
20 0.14054878732923753000 0.00016024429869709842
21 0.14036951622280924000 0.00016024429869709842
22 0.14019027142636170000 0.00016024429869709842
23 0.14001105293202198000 0.00016024429869709842
24 0.13983186073191728000 0.00016024429869709842
25 0.13965269481817466000 0.00016024429869709842
26 0.13947355518292115000 0.00016024429869709842
27 0.13929444181828393000 0.00016024429869709842
28 0.13911535471639003000 0.00016024429869709842
29 0.13893629386936662000 0.00016024429869709842
30 0.13875725926934074000 0.00016024429869709842
31 0.13857825090843945000 0.00016024429869709842
32 0.13839926877878994000 0.00016024429869709842
33 0.13822031287251924000 0.00016024429869709842
34 0.13804138318175452000 0.00016024429869709842
35 0.13786247969862275000 0.00016024429869709842
36 0.13768360241525113000 0.00016024429869709842
37 0.13750475132376672000 0.00016024429869709842
38 0.13732592641629660000 0.00016024429869709842
39 0.13714712768496784000 0.00016024429869709842
40 0.13696835512190764000 0.00016024429869709842
41 0.13678960871924301000 0.00016024429869709842
42 0.13661088846910108000 0.00016024429869709842
43 0.13643219436360898000 0.00016024429869709842
44 0.13625352639489369000 0.00016024429869709842
45 0.13607488455508243000 0.00016024429869709842
46 0.13589626883630218000 0.00016024429869709842
47 0.13571767923068012000 0.00016024429869709842
48 0.13553911573034333000 0.00016024429869709842
49 0.13536057832741893000 0.00016024429869709842
50 0.13518206701403396000 0.00016024429869709842
51 0.13500358178231553000 0.00016024429869709842
52 0.13482512262439078000 0.00016024429869709842
53 0.13464668953238673000 0.00016024429869709842
54 0.13446828249843051000 0.00016024429869709842
55 0.13428990151464926000 0.00016024429869709842
56 0.13411154657317004000 0.00016024429869709842
57 0.13393321766611987000 0.00016024429869709842
58 0.13375491478562601000 0.00016024429869709842
59 0.13357663792381541000 0.00016024429869709842
60 0.13339838707281526000 0.00016024429869709842
61 0.13322016222475258000 0.00016024429869709842
62 0.13304196337175450000 0.00016024429869709842
63 0.13286379050594815000 0.00016024429869709842
64 0.13268564361946061000 0.00016024429869709842
65 0.13250752270441890000 0.00016024429869709842
66 0.13232942775295020000 0.00016024429869709842
67 0.13215135875718159000 0.00016024429869709842
68 0.13197331570924015000 0.00016024429869709842
69 0.13179529860125294000 0.00016024429869709842
70 0.13161730742534716000 0.00016024429869709842
71 0.13143934217364983000 0.00016024429869709842
72 0.13126140283828802000 0.00016024429869709842
73 0.13108348941138886000 0.00016024429869709842
74 0.13090560188507949000 0.00016024429869709842
75 0.13072774025148698000 0.00016024429869709842
76 0.13054990450273835000 0.00016024429869709842
77 0.13037209463096083000 0.00016024429869709842
78 0.13019431062828135000 0.00016024429869709842
79 0.13001655248682720000 0.00016024429869709842
80 0.12983882019872528000 0.00016024429869709842
81 0.12966111375610284000 0.00016024429869709842
82 0.12948343315108690000 0.00016024429869709842
83 0.12930577837580454000 0.00016024429869709842
84 0.12912814942238293000 0.00016024429869709842
85 0.12895054628294905000 0.00016024429869709842
86 0.12877296894963014000 0.00016024429869709842
87 0.12859541741455321000 0.00016024429869709842
88 0.12841789166984535000 0.00016024429869709842
89 0.12824039170763368000 0.00016024429869709842
90 0.12806291752004528000 0.00016024429869709842
91 0.12788546909920728000 0.00016024429869709842
92 0.12770804643724670000 0.00016024429869709842
93 0.12753064952629073000 0.00016024429869709842
94 0.12735327835846638000 0.00016024429869709842
95 0.12717593292590085000 0.00016024429869709842
96 0.12699861322072115000 0.00016024429869709842
97 0.12682131923505435000 0.00016024429869709842
98 0.12664405096102765000 0.00016024429869709842
99 0.12646680839076807000 0.00016024429869709842
100 0.12628959151640273000 0.00016024429869709842
101 0.12611240033005872000 0.00016024429869709842
102 0.12593523482386315000 0.00016024429869709842
103 0.12575809498994306000 0.00016024429869709842
104 0.12558098082042563000 0.00016024429869709842
105 0.12540389230743787000 0.00016024429869709842
106 0.12522682944310698000 0.00016024429869709842
107 0.12504979221955992000 0.00016024429869709842
108 0.12487278062892393000 0.00016024429869709842
109 0.12469579466332598000 0.00016024429869709842
110 0.12451883431489325000 0.00016024429869709842
111 0.12434189957575281000 0.00016024429869709842
112 0.12416499043803175000 0.00016024429869709842
113 0.12398810689385714000 0.00016024429869709842
114 0.12381124893535617000 0.00016024429869709842
115 0.12363441655465579000 0.00016024429869709842
116 0.12345760974388326000 0.00016024429869709842
117 0.12328082849516553000 0.00016024429869709842
118 0.12310407280062974000 0.00016024429869709842
119 0.12292734265240307000 0.00016024429869709842
120 0.12275063804261249000 0.00016024429869709842
121 0.12257395896338519000 0.00016024429869709842
122 0.12239730540684818000 0.00016024429869709842
123 0.12222067736512865000 0.00016024429869709842
124 0.12204407483035362000 0.00016024429869709842
125 0.12186749779465023000 0.00016024429869709842
126 0.12169094625014559000 0.00016024429869709842
127 0.12151442018896674000 0.00016024429869709842
128 0.12133791960324081000 0.00016024429869709842
129 0.12116144448509486000 0.00016024429869709842
130 0.12098499482665603000 0.00016024429869709842
131 0.12080857062005140000 0.00016024429869709842
132 0.12063217185740810000 0.00016024429869709842
133 0.12045579853085314000 0.00016024429869709842
134 0.12027945063251366000 0.00016024429869709842
135 0.12010312815451679000 0.00016024429869709842
136 0.11992683108898960000 0.00016024429869709842
137 0.11975055942805918000 0.00016024429869709842
138 0.11957431316385264000 0.00016024429869709842
139 0.11939809228849707000 0.00016024429869709842
140 0.11922189679411954000 0.00016024429869709842
141 0.11904572667284713000 0.00016024429869709842
142 0.11886958191680702000 0.00016024429869709842
143 0.11869346251812624000 0.00016024429869709842
144 0.11851736846893191000 0.00016024429869709842
145 0.11834129976135116000 0.00016024429869709842
146 0.11816525638751096000 0.00016024429869709842
147 0.11798923833953856000 0.00016024429869709842
148 0.11781324560956091000 0.00016024429869709842
149 0.11763727818970526000 0.00016024429869709842
150 0.11746133607209858000 0.00016024429869709842
151 0.11728541924886798000 0.00016024429869709842
152 0.11710952771214067000 0.00016024429869709842
153 0.11693366145404360000 0.00016024429869709842
154 0.11675782046670397000 0.00016024429869709842
155 0.11658200474224883000 0.00016024429869709842
156 0.11640621427280523000 0.00016024429869709842
157 0.11623044905050034000 0.00016024429869709842
158 0.11605470906746124000 0.00016024429869709842
159 0.11587899431581505000 0.00016024429869709842
160 0.11570330478768881000 0.00016024429869709842
161 0.11552764047520958000 0.00016024429869709842
162 0.11535200137050461000 0.00016024429869709842
163 0.11517638746570080000 0.00016024429869709842
164 0.11500079875292540000 0.00016024429869709842
165 0.11482523522430549000 0.00016024429869709842
166 0.11464969687196808000 0.00016024429869709842
167 0.11447418368804030000 0.00016024429869709842
168 0.11429869566464929000 0.00016024429869709842
169 0.11412323279392206000 0.00016024429869709842
170 0.11394779506798580000 0.00016024429869709842
171 0.11377238247896754000 0.00016024429869709842
172 0.11359699501899445000 0.00016024429869709842
173 0.11342163268019351000 0.00016024429869709842
174 0.11324629545469195000 0.00016024429869709842
175 0.11307098333461674000 0.00016024429869709842
176 0.11289569631209501000 0.00016024429869709842
177 0.11272043437925394000 0.00016024429869709842
178 0.11254519752822056000 0.00016024429869709842
179 0.11236998575112195000 0.00016024429869709842
180 0.11219479904008522000 0.00016024429869709842
181 0.11201963738723747000 0.00016024429869709842
182 0.11184450078470581000 0.00016024429869709842
183 0.11166938922461728000 0.00016024429869709842
184 0.11149430269909905000 0.00016024429869709842
185 0.11131924120027820000 0.00016024429869709842
186 0.11114420472028180000 0.00016024429869709842
187 0.11096919325123694000 0.00016024429869709842
188 0.11079420678527074000 0.00016024429869709842
189 0.11061924531451028000 0.00016024429869709842
190 0.11044430883108264000 0.00016024429869709842
191 0.11026939732711499000 0.00016024429869709842
192 0.11009451079473431000 0.00016024429869709842
193 0.10991964922606778000 0.00016024429869709842
194 0.10974481261324248000 0.00016024429869709842
195 0.10957000094838554000 0.00016024429869709842
196 0.10939521422362397000 0.00016024429869709842
197 0.10922045243108491000 0.00016024429869709842
198 0.10904571556289544000 0.00016024429869709842
199 0.10887100361118268000 0.00016024429869709842
200 0.10869631656807371000 0.00016024429869709842
201 0.10852165442569567000 0.00016024429869709842
202 0.10834701717617562000 0.00016024429869709842
203 0.10817240481164064000 0.00016024429869709842
204 0.10799781732421782000 0.00016024429869709842
205 0.10782325470603427000 0.00016024429869709842
206 0.10764871694921713000 0.00016024429869709842
207 0.10747420404589342000 0.00016024429869709842
208 0.10729971598819027000 0.00016024429869709842
209 0.10712525276823481000 0.00016024429869709842
210 0.10695081437815407000 0.00016024429869709842
211 0.10677640081007522000 0.00016024429869709842
212 0.10660201205612529000 0.00016024429869709842
213 0.10642764810843139000 0.00016024429869709842
214 0.10625330895912063000 0.00016024429869709842
215 0.10607899460032011000 0.00016024429869709842
216 0.10590470502415691000 0.00016024429869709842
217 0.10573044022275815000 0.00016024429869709842
218 0.10555620018825090000 0.00016024429869709842
219 0.10538198491276224000 0.00016024429869709842
220 0.10520779438841932000 0.00016024429869709842
221 0.10503362860734919000 0.00016024429869709842
222 0.10485948756167895000 0.00016024429869709842
223 0.10468537124353575000 0.00016024429869709842
224 0.10451127964504658000 0.00016024429869709842
225 0.10433721275833865000 0.00016024429869709842
226 0.10416317057553898000 0.00016024429869709842
227 0.10398915308877468000 0.00016024429869709842
228 0.10381516029017288000 0.00016024429869709842
229 0.10364119217186063000 0.00016024429869709842
230 0.10346724872596505000 0.00016024429869709842
231 0.10329332994461324000 0.00016024429869709842
232 0.10311943581993227000 0.00016024429869709842
233 0.10294556634404928000 0.00016024429869709842
234 0.10277172150909131000 0.00016024429869709842
235 0.10259790130718549000 0.00016024429869709842
236 0.10242410573045890000 0.00016024429869709842
237 0.10225033477103868000 0.00016024429869709842
238 0.10207658842105186000 0.00016024429869709842
239 0.10190286667262555000 0.00016024429869709842
240 0.10172916951788691000 0.00016024429869709842
241 0.10155549694896296000 0.00016024429869709842
242 0.10138184895798080000 0.00016024429869709842
243 0.10120822553706760000 0.00016024429869709842
244 0.10103462667835036000 0.00016024429869709842
245 0.10086105237395623000 0.00016024429869709842
246 0.10068750261601231000 0.00016024429869709842
247 0.10051397739664569000 0.00016024429869709842
248 0.10034047670798343000 0.00016024429869709842
249 0.10016700054215266000 0.00016024429869709842
250 0.09999354889128048200 0.00016024429869709842
251 0.09982012174749396700 0.00016024429869709842
252 0.09964671910292022300 0.00016024429869709842
253 0.09947334094968632300 0.00016024429869709842
254 0.09929998727991939900 0.00016024429869709842
255 0.09912665808574655500 0.00016024429869709842
256 0.09895335335929483800 0.00016024429869709842
257 0.09878007309269137800 0.00016024429869709842
258 0.09860681727806325200 0.00016024429869709842
259 0.09843358590753756300 0.00016024429869709842
260 0.09826037897324141300 0.00016024429869709842
261 0.09808719646730187900 0.00016024429869709842
262 0.09791403838184609100 0.00016024429869709842
263 0.09774090470900112500 0.00016024429869709842
264 0.09756779544089405600 0.00016024429869709842
265 0.09739471056965201500 0.00016024429869709842
266 0.09722165008740207800 0.00016024429869709842
267 0.09704861398627134800 0.00016024429869709842
268 0.09687560225838690000 0.00016024429869709842
269 0.09670261489587586600 0.00016024429869709842
270 0.09652965189086532000 0.00016024429869709842
271 0.09635671323548233900 0.00016024429869709842
272 0.09618379892185405200 0.00016024429869709842
273 0.09601090894210756500 0.00016024429869709842
274 0.09583804328836992300 0.00016024429869709842
275 0.09566520195276825800 0.00016024429869709842
276 0.09549238492742964700 0.00016024429869709842
277 0.09531959220448121800 0.00016024429869709842
278 0.09514682377605002100 0.00016024429869709842
279 0.09497407963426318700 0.00016024429869709842
280 0.09480135977124779000 0.00016024429869709842
281 0.09462866417913096100 0.00016024429869709842
282 0.09445599285003974900 0.00016024429869709842
283 0.09428334577610125700 0.00016024429869709842
284 0.09411072294944261600 0.00016024429869709842
285 0.09393812436219090000 0.00016024429869709842
286 0.09376555000647318600 0.00016024429869709842
287 0.09359299987441660500 0.00016024429869709842
288 0.09342047395814823100 0.00016024429869709842
289 0.09324797224979516900 0.00016024429869709842
290 0.09307549474148449400 0.00016024429869709842
291 0.09290304142534333600 0.00016024429869709842
292 0.09273061229349877100 0.00016024429869709842
293 0.09255820733807787500 0.00016024429869709842
294 0.09238582655120777800 0.00016024429869709842
295 0.09221346992501555700 0.00016024429869709842
296 0.09204113745162831300 0.00016024429869709842
297 0.09186882912317315100 0.00016024429869709842
298 0.09169654493177714600 0.00016024429869709842
299 0.09152428486956740200 0.00016024429869709842
300 0.09135204892867102000 0.00016024429869709842
301 0.09117983710121507800 0.00016024429869709842
302 0.09100764937932670500 0.00016024429869709842
303 0.09083548575513300500 0.00016024429869709842
304 0.09066334622076099900 0.00016024429869709842
305 0.09049123076833784400 0.00016024429869709842
306 0.09031913938999064400 0.00016024429869709842
307 0.09014707207784644600 0.00016024429869709842
308 0.08997502882403235500 0.00016024429869709842
309 0.08980300962067552800 0.00016024429869709842
310 0.08963101445990298600 0.00016024429869709842
311 0.08945904333384185900 0.00016024429869709842
312 0.08928709623461925100 0.00016024429869709842
313 0.08911517315436223700 0.00016024429869709842
314 0.08894327408519792100 0.00016024429869709842
315 0.08877139901925340500 0.00016024429869709842
316 0.08859954794865576600 0.00016024429869709842
317 0.08842772086553210600 0.00016024429869709842
318 0.08825591776200952800 0.00016024429869709842
319 0.08808413863021513600 0.00016024429869709842
320 0.08791238346227600600 0.00016024429869709842
321 0.08774065225031924000 0.00016024429869709842
322 0.08756894498647194200 0.00016024429869709842
323 0.08739726166286121400 0.00016024429869709842
324 0.08722560227161413300 0.00016024429869709842
325 0.08705396680485780200 0.00016024429869709842
326 0.08688235525471932300 0.00016024429869709842
327 0.08671076761332577300 0.00016024429869709842
328 0.08653920387280425500 0.00016024429869709842
329 0.08636766402528187100 0.00016024429869709842
330 0.08619614806288572500 0.00016024429869709842
331 0.08602465597774289200 0.00016024429869709842
332 0.08585318776198047600 0.00016024429869709842
333 0.08568174340772558000 0.00016024429869709842
334 0.08551032290710527900 0.00016024429869709842
335 0.08533892625224670500 0.00016024429869709842
336 0.08516755343527693300 0.00016024429869709842
337 0.08499620444832303700 0.00016024429869709842
338 0.08482487928351215000 0.00016024429869709842
339 0.08465357793297134700 0.00016024429869709842
340 0.08448230038882770200 0.00016024429869709842
341 0.08431104664320837600 0.00016024429869709842
342 0.08413981668824038800 0.00016024429869709842
343 0.08396861051605092300 0.00016024429869709842
344 0.08379742811876697600 0.00016024429869709842
345 0.08362626948851570300 0.00016024429869709842
346 0.08345513461742418100 0.00016024429869709842
347 0.08328402349761954100 0.00016024429869709842
348 0.08311293612122883100 0.00016024429869709842
349 0.08294187248037915300 0.00016024429869709842
350 0.08277083256719763900 0.00016024429869709842
351 0.08259981637381133600 0.00016024429869709842
352 0.08242882389234737500 0.00016024429869709842
353 0.08225785511493283200 0.00016024429869709842
354 0.08208691003369483800 0.00016024429869709842
355 0.08191598864076044000 0.00016024429869709842
356 0.08174509092825676900 0.00016024429869709842
357 0.08157421688831087400 0.00016024429869709842
358 0.08140336651304991300 0.00016024429869709842
359 0.08123253979460093300 0.00016024429869709842
360 0.08106173672509106600 0.00016024429869709842
361 0.08089095729664738700 0.00016024429869709842
362 0.08072020150139699900 0.00016024429869709842
363 0.08054946933146700500 0.00016024429869709842
364 0.08037876077898445400 0.00016024429869709842
365 0.08020807583607650300 0.00016024429869709842
366 0.08003741449487020200 0.00016024429869709842
367 0.07986677674749270700 0.00016024429869709842
368 0.07969616258607104000 0.00016024429869709842
369 0.07952557200273230300 0.00016024429869709842
370 0.07935500498960365600 0.00016024429869709842
371 0.07918446153881214500 0.00016024429869709842
372 0.07901394164248490300 0.00016024429869709842
373 0.07884344529274897600 0.00016024429869709842
374 0.07867297248173149600 0.00016024429869709842
375 0.07850252320155953800 0.00016024429869709842
376 0.07833209744436020500 0.00016024429869709842
377 0.07816169520226057300 0.00016024429869709842
378 0.07799131646738777200 0.00016024429869709842
379 0.07782096123186890700 0.00016024429869709842
380 0.07765062948783102400 0.00016024429869709842
381 0.07748032122740125500 0.00016024429869709842
382 0.07731003644270667600 0.00016024429869709842
383 0.07713977512587441600 0.00016024429869709842
384 0.07696953726903155200 0.00016024429869709842
385 0.07679932286430513100 0.00016024429869709842
386 0.07662913190382231200 0.00016024429869709842
387 0.07645896437971017000 0.00016024429869709842
388 0.07628882028409578200 0.00016024429869709842
389 0.07611869960910633300 0.00016024429869709842
390 0.07594860234686878800 0.00016024429869709842
391 0.07577852848951030500 0.00016024429869709842
392 0.07560847802915798800 0.00016024429869709842
393 0.07543845095793894100 0.00016024429869709842
394 0.07526844726798021000 0.00016024429869709842
395 0.07509846695140892600 0.00016024429869709842
396 0.07492851000035219400 0.00016024429869709842
397 0.07475857640693708800 0.00016024429869709842
398 0.07458866616329071200 0.00016024429869709842
399 0.07441877926154016900 0.00016024429869709842
400 0.07424891569381253400 0.00016024429869709842
401 0.07407907545223491000 0.00016024429869709842
402 0.07390925852893442900 0.00016024429869709842
403 0.07373946491603811100 0.00016024429869709842
404 0.07356969460567314200 0.00016024429869709842
405 0.07339994758996654100 0.00016024429869709842
406 0.07323022386104544000 0.00016024429869709842
407 0.07306052341103691500 0.00016024429869709842
408 0.07289084623206809600 0.00016024429869709842
409 0.07272119231626605900 0.00016024429869709842
410 0.07255156165575787900 0.00016024429869709842
411 0.07238195424267071500 0.00016024429869709842
412 0.07221237006913158700 0.00016024429869709842
413 0.07204280912726762600 0.00016024429869709842
414 0.07187327140920590800 0.00016024429869709842
415 0.07170375690707359000 0.00016024429869709842
416 0.07153426561299769400 0.00016024429869709842
417 0.07136479751910535000 0.00016024429869709842
418 0.07119535261752363300 0.00016024429869709842
419 0.07102593090037964700 0.00016024429869709842
420 0.07085653235980049500 0.00016024429869709842
421 0.07068715698791330800 0.00016024429869709842
422 0.07051780477684510600 0.00016024429869709842
423 0.07034847571872304700 0.00016024429869709842
424 0.07017916980567420700 0.00016024429869709842
425 0.07000988702982566300 0.00016024429869709842
426 0.06984062738330454300 0.00016024429869709842
427 0.06967139085823792500 0.00016024429869709842
428 0.06950217744675285500 0.00016024429869709842
429 0.06933298714097652100 0.00016024429869709842
430 0.06916381993303599700 0.00016024429869709842
431 0.06899467581505833200 0.00016024429869709842
432 0.06882555477917062800 0.00016024429869709842
433 0.06865645681750004400 0.00016024429869709842
434 0.06848738192217360100 0.00016024429869709842
435 0.06831833008531842900 0.00016024429869709842
436 0.06814930129906160400 0.00016024429869709842
437 0.06798029555553025700 0.00016024429869709842
438 0.06781131284685149000 0.00016024429869709842
439 0.06764235316515232500 0.00016024429869709842
440 0.06747341650255994600 0.00016024429869709842
441 0.06730450285120137500 0.00016024429869709842
442 0.06713561220320374300 0.00016024429869709842
443 0.06696674455069417900 0.00016024429869709842
444 0.06679789988579970500 0.00016024429869709842
445 0.06662907820064745100 0.00016024429869709842
446 0.06646027948736454900 0.00016024429869709842
447 0.06629150373807804500 0.00016024429869709842
448 0.06612275094491504300 0.00016024429869709842
449 0.06595402110000264700 0.00016024429869709842
450 0.06578531419546798700 0.00016024429869709842
451 0.06561663022343811000 0.00016024429869709842
452 0.06544796917604009400 0.00016024429869709842
453 0.06527933104540106800 0.00016024429869709842
454 0.06511071582364816300 0.00016024429869709842
455 0.06494212350290840000 0.00016024429869709842
456 0.06477355407530893700 0.00016024429869709842
457 0.06460500753297684900 0.00016024429869709842
458 0.06443648386803921300 0.00016024429869709842
459 0.06426798307262315800 0.00016024429869709842
460 0.06409950513885573400 0.00016024429869709842
461 0.06393105005886407000 0.00016024429869709842
462 0.06376261782477527000 0.00016024429869709842
463 0.06359420842871638100 0.00016024429869709842
464 0.06342582186281459100 0.00016024429869709842
465 0.06325745811919686300 0.00016024429869709842
466 0.06308911718999041200 0.00016024429869709842
467 0.06292079906732228600 0.00016024429869709842
468 0.06275250374331958800 0.00016024429869709842
469 0.06258423121010939200 0.00016024429869709842
470 0.06241598145981880300 0.00016024429869709842
471 0.06224775448457495200 0.00016024429869709842
472 0.06207955027650488600 0.00016024429869709842
473 0.06191136882773573500 0.00016024429869709842
474 0.06174321013039457700 0.00016024429869709842
475 0.06157507417660848500 0.00016024429869709842
476 0.06140696095850461900 0.00016024429869709842
477 0.06123887046820997200 0.00016024429869709842
478 0.06107080269785175600 0.00016024429869709842
479 0.06090275763955702000 0.00016024429869709842
480 0.06073473528545284000 0.00016024429869709842
481 0.06056673562766634600 0.00016024429869709842
482 0.06039875865832455800 0.00016024429869709842
483 0.06023080436955469100 0.00016024429869709842
484 0.06006287275348376500 0.00016024429869709842
485 0.05989496380223885400 0.00016024429869709842
486 0.05972707750794709100 0.00016024429869709842
487 0.05955921386273557700 0.00016024429869709842
488 0.05939137285873141700 0.00016024429869709842
489 0.05922355448806165800 0.00016024429869709842
490 0.05905575874285345900 0.00016024429869709842
491 0.05888798561523384000 0.00016024429869709842
492 0.05872023509732995900 0.00016024429869709842
493 0.05855250718126889200 0.00016024429869709842
494 0.05838480185917774300 0.00016024429869709842
495 0.05821711912318358600 0.00016024429869709842
496 0.05804945896541352500 0.00016024429869709842
497 0.05788182137799466300 0.00016024429869709842
498 0.05771420635305407600 0.00016024429869709842
499 0.05754661388271892200 0.00016024429869709842
500 0.05737904395911622200 0.00016024429869709842
501 0.05721149657437310500 0.00016024429869709842
502 0.05704397172061664900 0.00016024429869709842
503 0.05687646938997398300 0.00016024429869709842
504 0.05670898957457215500 0.00016024429869709842
505 0.05654153226653829700 0.00016024429869709842
506 0.05637409745799951100 0.00016024429869709842
507 0.05620668514108284600 0.00016024429869709842
508 0.05603929530791546000 0.00016024429869709842
509 0.05587192795062440000 0.00016024429869709842
510 0.05570458306133679900 0.00016024429869709842
511 0.05553726063217973000 0.00016024429869709842
512 0.05536996065528027000 0.00016024429869709842
513 0.05520268312276555000 0.00016024429869709842
514 0.05503542802676264500 0.00016024429869709842
515 0.05486819535939863000 0.00016024429869709842
516 0.05470098511280066500 0.00016024429869709842
517 0.05453379727909579700 0.00016024429869709842
518 0.05436663185041112900 0.00016024429869709842
519 0.05419948881887376400 0.00016024429869709842
520 0.05403236817661077900 0.00016024429869709842
521 0.05386526991574930300 0.00016024429869709842
522 0.05369819402841641300 0.00016024429869709842
523 0.05353114050673921100 0.00016024429869709842
524 0.05336410934284477300 0.00016024429869709842
525 0.05319710052886020300 0.00016024429869709842
526 0.05303011405691260300 0.00016024429869709842
527 0.05286314991912910400 0.00016024429869709842
528 0.05269620810763669900 0.00016024429869709842
529 0.05252928861456260300 0.00016024429869709842
530 0.05236239143203386100 0.00016024429869709842
531 0.05219551655217752300 0.00016024429869709842
532 0.05202866396712074700 0.00016024429869709842
533 0.05186183366899060900 0.00016024429869709842
534 0.05169502564991418400 0.00016024429869709842
535 0.05152823990201860200 0.00016024429869709842
536 0.05136147641743099600 0.00016024429869709842
537 0.05119473518827832900 0.00016024429869709842
538 0.05102801620668784300 0.00016024429869709842
539 0.05086131946478653100 0.00016024429869709842
540 0.05069464495470155100 0.00016024429869709842
541 0.05052799266855995100 0.00016024429869709842
542 0.05036136259848883500 0.00016024429869709842
543 0.05019475473661533200 0.00016024429869709842
544 0.05002816907506652000 0.00016024429869709842
545 0.04986160560596950000 0.00016024429869709842
546 0.04969506432145137700 0.00016024429869709842
547 0.04952854521363919700 0.00016024429869709842
548 0.04936204827466009200 0.00016024429869709842
549 0.04919557349664116500 0.00016024429869709842
550 0.04902912087170951900 0.00016024429869709842
551 0.04886269039199217500 0.00016024429869709842
552 0.04869628204961634600 0.00016024429869709842
553 0.04852989583670902500 0.00016024429869709842
554 0.04836353174539737000 0.00016024429869709842
555 0.04819718976780845700 0.00016024429869709842
556 0.04803086989606936100 0.00016024429869709842
557 0.04786457212230721400 0.00016024429869709842
558 0.04769829643864911800 0.00016024429869709842
559 0.04753204283722212200 0.00016024429869709842
560 0.04736581131015335500 0.00016024429869709842
561 0.04719960184956989400 0.00016024429869709842
562 0.04703341444759884200 0.00016024429869709842
563 0.04686724909636730300 0.00016024429869709842
564 0.04670110578800235100 0.00016024429869709842
565 0.04653498451463111700 0.00016024429869709842
566 0.04636888526838067700 0.00016024429869709842
567 0.04620280804137810700 0.00016024429869709842
568 0.04603675282575053800 0.00016024429869709842
569 0.04587071961362504400 0.00016024429869709842
570 0.04570470839712870200 0.00016024429869709842
571 0.04553871916838866900 0.00016024429869709842
572 0.04537275191953199500 0.00016024429869709842
573 0.04520680664268578200 0.00016024429869709842
574 0.04504088332997710500 0.00016024429869709842
575 0.04487498197353309600 0.00016024429869709842
576 0.04470910256548082900 0.00016024429869709842
577 0.04454324509794743700 0.00016024429869709842
578 0.04437740956305996600 0.00016024429869709842
579 0.04421159595294552000 0.00016024429869709842
580 0.04404580425973120300 0.00016024429869709842
581 0.04388003447554414400 0.00016024429869709842
582 0.04371428659251139200 0.00016024429869709842
583 0.04354856060276005000 0.00016024429869709842
584 0.04338285649841722200 0.00016024429869709842
585 0.04321717427161003700 0.00016024429869709842
586 0.04305151391446548900 0.00016024429869709842
587 0.04288587541911081900 0.00016024429869709842
588 0.04272025877767299300 0.00016024429869709842
589 0.04255466398227916700 0.00016024429869709842
590 0.04238909102505644700 0.00016024429869709842
591 0.04222353989813190700 0.00016024429869709842
592 0.04205801059363265000 0.00016024429869709842
593 0.04189250310368575200 0.00016024429869709842
594 0.04172701742041834400 0.00016024429869709842
595 0.04156155353595747400 0.00016024429869709842
596 0.04139611144243027200 0.00016024429869709842
597 0.04123069113196384200 0.00016024429869709842
598 0.04106529259668528800 0.00016024429869709842
599 0.04089991582872165600 0.00016024429869709842
600 0.04073456082020005000 0.00016024429869709842
601 0.04056922756324760100 0.00016024429869709842
602 0.04040391604999138400 0.00016024429869709842
603 0.04023862627255853100 0.00016024429869709842
604 0.04007335822307606100 0.00016024429869709842
605 0.03990811189367110500 0.00016024429869709842
606 0.03974288727647079500 0.00016024429869709842
607 0.03957768436360220600 0.00016024429869709842
608 0.03941250314719241300 0.00016024429869709842
609 0.03924734361936851900 0.00016024429869709842
610 0.03908220577225762800 0.00016024429869709842
611 0.03891708959798684300 0.00016024429869709842
612 0.03875199508868323900 0.00016024429869709842
613 0.03858692223647392000 0.00016024429869709842
614 0.03842187103348598800 0.00016024429869709842
615 0.03825684147184654800 0.00016024429869709842
616 0.03809183354368267400 0.00016024429869709842
617 0.03792684724112147000 0.00016024429869709842
618 0.03776188255629001100 0.00016024429869709842
619 0.03759693948131542800 0.00016024429869709842
620 0.03743201800832479700 0.00016024429869709842
621 0.03726711812944522000 0.00016024429869709842
622 0.03710223983680383000 0.00016024429869709842
623 0.03693738312252764500 0.00016024429869709842
624 0.03677254797874379700 0.00016024429869709842
625 0.03660773439757938900 0.00016024429869709842
626 0.03644294237116152400 0.00016024429869709842
627 0.03627817189161725000 0.00016024429869709842
628 0.03611342295107372600 0.00016024429869709842
629 0.03594869554165802700 0.00016024429869709842
630 0.03578398965549722800 0.00016024429869709842
631 0.03561930528471840600 0.00016024429869709842
632 0.03545464242144874500 0.00016024429869709842
633 0.03529000105781524000 0.00016024429869709842
634 0.03512538118594504800 0.00016024429869709842
635 0.03496078279796524500 0.00016024429869709842
636 0.03479620588600293400 0.00016024429869709842
637 0.03463165044218519100 0.00016024429869709842
638 0.03446711645863914700 0.00016024429869709842
639 0.03430260392749184800 0.00016024429869709842
640 0.03413811284087042700 0.00016024429869709842
641 0.03397364319090201400 0.00016024429869709842
642 0.03380919496971363000 0.00016024429869709842
643 0.03364476816943237600 0.00016024429869709842
644 0.03348036278218538600 0.00016024429869709842
645 0.03331597880009973300 0.00016024429869709842
646 0.03315161621530254800 0.00016024429869709842
647 0.03298727501992090900 0.00016024429869709842
648 0.03282295520608186100 0.00016024429869709842
649 0.03265865676591261900 0.00016024429869709842
650 0.03249437969154012100 0.00016024429869709842
651 0.03233012397509157900 0.00016024429869709842
652 0.03216588960869404300 0.00016024429869709842
653 0.03200167658447461400 0.00016024429869709842
654 0.03183748489456042500 0.00016024429869709842
655 0.03167331453107852200 0.00016024429869709842
656 0.03150916548615601000 0.00016024429869709842
657 0.03134503775191999100 0.00016024429869709842
658 0.03118093132049756800 0.00016024429869709842
659 0.03101684618401584500 0.00016024429869709842
660 0.03085278233460186900 0.00016024429869709842
661 0.03068873976438280000 0.00016024429869709842
662 0.03052471846548571200 0.00016024429869709842
663 0.03036071843003768100 0.00016024429869709842
664 0.03019673965016578300 0.00016024429869709842
665 0.03003278211799717500 0.00016024429869709842
666 0.02986884582565890700 0.00016024429869709842
667 0.02970493076527810900 0.00016024429869709842
668 0.02954103692898185600 0.00016024429869709842
669 0.02937716430889719700 0.00016024429869709842
670 0.02921331289715134400 0.00016024429869709842
671 0.02904948268587129200 0.00016024429869709842
672 0.02888567366718414200 0.00016024429869709842
673 0.02872188583321705300 0.00016024429869709842
674 0.02855811917609707400 0.00016024429869709842
675 0.02839437368795133500 0.00016024429869709842
676 0.02823064936090685700 0.00016024429869709842
677 0.02806694618709082400 0.00016024429869709842
678 0.02790326415863025900 0.00016024429869709842
679 0.02773960326765234600 0.00016024429869709842
680 0.02757596350628407900 0.00016024429869709842
681 0.02741234486665261600 0.00016024429869709842
682 0.02724874734088506000 0.00016024429869709842
683 0.02708517092110845900 0.00016024429869709842
684 0.02692161559944994400 0.00016024429869709842
685 0.02675808136803659000 0.00016024429869709842
686 0.02659456821899550100 0.00016024429869709842
687 0.02643107614445378000 0.00016024429869709842
688 0.02626760513653853000 0.00016024429869709842
689 0.02610415518737679900 0.00016024429869709842
690 0.02594072628909577200 0.00016024429869709842
691 0.02577731843382244400 0.00016024429869709842
692 0.02561393161368397100 0.00016024429869709842
693 0.02545056582080745800 0.00016024429869709842
694 0.02528722104731995200 0.00016024429869709842
695 0.02512389728534858400 0.00016024429869709842
696 0.02496059452702043000 0.00016024429869709842
697 0.02479731276446262000 0.00016024429869709842
698 0.02463405198980217500 0.00016024429869709842
699 0.02447081219516628000 0.00016024429869709842
700 0.02430759337268198500 0.00016024429869709842
701 0.02414439551447639100 0.00016024429869709842
702 0.02398121861267660200 0.00016024429869709842
703 0.02381806265940966700 0.00016024429869709842
704 0.02365492764680277000 0.00016024429869709842
705 0.02349181356698293300 0.00016024429869709842
706 0.02332872041207728600 0.00016024429869709842
707 0.02316564817421290500 0.00016024429869709842
708 0.02300259684551686500 0.00016024429869709842
709 0.02283956641811635300 0.00016024429869709842
710 0.02267655688413833200 0.00016024429869709842
711 0.02251356823571004600 0.00016024429869709842
712 0.02235060046495845900 0.00016024429869709842
713 0.02218765356401075600 0.00016024429869709842
714 0.02202472752499398700 0.00016024429869709842
715 0.02186182234003525300 0.00016024429869709842
716 0.02169893800126165800 0.00016024429869709842
717 0.02153607450080027900 0.00016024429869709842
718 0.02137323183077821700 0.00016024429869709842
719 0.02121040998332263100 0.00016024429869709842
720 0.02104760895056051500 0.00016024429869709842
721 0.02088482872461905300 0.00016024429869709842
722 0.02072206929762526700 0.00016024429869709842
723 0.02055933066170628800 0.00016024429869709842
724 0.02039661280898921700 0.00016024429869709842
725 0.02023391573160113200 0.00016024429869709842
726 0.02007123942166916300 0.00016024429869709842
727 0.01990858387132038400 0.00016024429869709842
728 0.01974594907268184500 0.00016024429869709842
729 0.01958333501788073200 0.00016024429869709842
730 0.01942074169904406400 0.00016024429869709842
731 0.01925816910829897300 0.00016024429869709842
732 0.01909561723777256100 0.00016024429869709842
733 0.01893308607959190400 0.00016024429869709842
734 0.01877057562588410600 0.00016024429869709842
735 0.01860808586877624200 0.00016024429869709842
736 0.01844561680039544200 0.00016024429869709842
737 0.01828316841286878300 0.00016024429869709842
738 0.01812074069832336800 0.00016024429869709842
739 0.01795833364888629900 0.00016024429869709842
740 0.01779594725668462400 0.00016024429869709842
741 0.01763358151384553100 0.00016024429869709842
742 0.01747123641249601100 0.00016024429869709842
743 0.01730891194476322200 0.00016024429869709842
744 0.01714660810277424100 0.00016024429869709842
745 0.01698432487865617100 0.00016024429869709842
746 0.01682206226453611400 0.00016024429869709842
747 0.01665982025254114700 0.00016024429869709842
748 0.01649759883479839900 0.00016024429869709842
749 0.01633539800343492000 0.00016024429869709842
750 0.01617321775057784000 0.00016024429869709842
751 0.01601105806835423400 0.00016024429869709842
752 0.01584891894889120500 0.00016024429869709842
753 0.01568680038431585800 0.00016024429869709842
754 0.01552470236675529400 0.00016024429869709842
755 0.01536262488833656200 0.00016024429869709842
756 0.01520056794118679300 0.00016024429869709842
757 0.01503853151743309000 0.00016024429869709842
758 0.01487651560920255600 0.00016024429869709842
759 0.01471452020862223900 0.00016024429869709842
760 0.01455254530781929800 0.00016024429869709842
761 0.01439059089892078000 0.00016024429869709842
762 0.01422865697405378800 0.00016024429869709842
763 0.01406674352534542600 0.00016024429869709842
764 0.01390485054492279800 0.00016024429869709842
765 0.01374297802491300500 0.00016024429869709842
766 0.01358112595744309600 0.00016024429869709842
767 0.01341929433464023000 0.00016024429869709842
768 0.01325748314863145500 0.00016024429869709842
769 0.01309569239154390100 0.00016024429869709842
770 0.01293392205550461500 0.00016024429869709842
771 0.01277217213264075800 0.00016024429869709842
772 0.01261044261507934800 0.00016024429869709842
773 0.01244873349494757300 0.00016024429869709842
774 0.01228704476437242300 0.00016024429869709842
775 0.01212537641548108700 0.00016024429869709842
776 0.01196372844040063900 0.00016024429869709842
777 0.01180210083125812800 0.00016024429869709842
778 0.01164049358018071100 0.00016024429869709842
779 0.01147890667929543600 0.00016024429869709842
780 0.01131734012072940800 0.00016024429869709842
781 0.01115579389660975600 0.00016024429869709842
782 0.01099426799906352800 0.00016024429869709842
783 0.01083276242021785600 0.00016024429869709842
784 0.01067127715219981500 0.00016024429869709842
785 0.01050981218713650800 0.00016024429869709842
786 0.01034836751715503800 0.00016024429869709842
787 0.01018694313438248100 0.00016024429869709842
788 0.01002553903094596800 0.00016024429869709842
789 0.00986415519897254620 0.00016024429869709842
790 0.00970279163058931910 0.00016024429869709842
791 0.00954144831792344550 0.00016024429869709842
792 0.00938012525310194520 0.00016024429869709842
793 0.00921882242825194930 0.00016024429869709842
794 0.00905753983550053320 0.00016024429869709842
795 0.00889627746697482790 0.00016024429869709842
796 0.00873503531480190890 0.00016024429869709842
797 0.00857381337110885160 0.00016024429869709842
798 0.00841261162802278690 0.00016024429869709842
799 0.00825143007767079050 0.00016024429869709842
800 0.00809026871217996550 0.00016024429869709842
801 0.00792912752367741500 0.00016024429869709842
802 0.00776800650429018690 0.00016024429869709842
803 0.00760690564614543980 0.00016024429869709842
804 0.00744582494137022160 0.00016024429869709842
805 0.00728476438209169070 0.00016024429869709842
806 0.00712372396043686740 0.00016024429869709842
807 0.00696270366853288250 0.00016024429869709842
808 0.00680170349850686700 0.00016024429869709842
809 0.00664072344248584080 0.00016024429869709842
810 0.00647976349259693500 0.00016024429869709842
811 0.00631882364096725270 0.00016024429869709842
812 0.00615790387972389720 0.00016024429869709842
813 0.00599700420099397170 0.00016024429869709842
814 0.00583612459690452390 0.00016024429869709842
815 0.00567526505958268480 0.00016024429869709842
816 0.00551442558115552980 0.00016024429869709842
817 0.00535360615375019000 0.00016024429869709842
818 0.00519280676949374080 0.00016024429869709842
819 0.00503202742051325760 0.00016024429869709842
820 0.00487126809893587140 0.00016024429869709842
821 0.00471052879688865780 0.00016024429869709842
822 0.00454980950649869210 0.00016024429869709842
823 0.00438911021989313310 0.00016024429869709842
824 0.00422843092919900080 0.00016024429869709842
825 0.00406777162654345380 0.00016024429869709842
826 0.00390713230405354000 0.00016024429869709842
827 0.00374651295385639020 0.00016024429869709842
828 0.00358591356807907990 0.00016024429869709842
829 0.00342533413884871240 0.00016024429869709842
830 0.00326477465829236310 0.00016024429869709842
831 0.00310423511853716310 0.00016024429869709842
832 0.00294371551171021540 0.00016024429869709842
833 0.00278321582993854010 0.00016024429869709842
834 0.00262273606534932370 0.00016024429869709842
835 0.00246227621006958610 0.00016024429869709842
836 0.00230183625622648600 0.00016024429869709842
837 0.00214141619594707120 0.00016024429869709842
838 0.00198101602135850040 0.00016024429869709842
839 0.00182063572458779350 0.00016024429869709842
840 0.00166027529776208160 0.00016024429869709842
841 0.00149993473300844000 0.00016024429869709842
842 0.00133961402245399990 0.00016024429869709842
843 0.00117931315822586420 0.00016024429869709842
844 0.00101903213245108090 0.00016024429869709842
845 0.00085877093725675313 0.00016024429869709842
846 0.00069852956477001182 0.00016024429869709842
847 0.00053830800711793247 0.00016024429869709842
848 0.00037810625642761830 0.00016024429869709842
849 0.00021792430482611702 0.00016024429869709842
850 0.00005776214444058736 0.00016024429869709842
851 -0.00010238023260189522 0.00016024429869709842
852 -0.00026250283417422748 0.00016024429869709842
853 -0.00042260566814933398 0.00016024429869709842
854 -0.00058268874240011148 0.00016024429869709842
855 -0.00074275206479945677 0.00016024429869709842
856 -0.00090279564322029437 0.00016024429869709842
857 -0.00106281948553552110 0.00016024429869709842
858 -0.00122282359961800590 0.00016024429869709842
859 -0.00138280799334067340 0.00016024429869709842
860 -0.00154277267457647580 0.00016024429869709842
861 -0.00170271765119825450 0.00016024429869709842
862 -0.00186264293107893390 0.00016024429869709842
863 -0.00202254852209143850 0.00016024429869709842
864 -0.00218243443210860980 0.00016024429869709842
865 -0.00234230066900345530 0.00016024429869709842
866 -0.00250214724064881660 0.00016024429869709842
867 -0.00266197415491756240 0.00016024429869709842
868 -0.00282178141968264520 0.00016024429869709842
869 -0.00298156904281698940 0.00016024429869709842
870 -0.00314133703219349190 0.00016024429869709842
871 -0.00330108539568499390 0.00016024429869709842
872 -0.00346081414116444770 0.00016024429869709842
873 -0.00362052327650477790 0.00016024429869709842
874 -0.00378021280957885340 0.00016024429869709842
875 -0.00393988274825957110 0.00016024429869709842
876 -0.00409953310041988320 0.00016024429869709842
877 -0.00425916387393265870 0.00016024429869709842
878 -0.00441877507667079450 0.00016024429869709842
879 -0.00457836671650721510 0.00016024429869709842
880 -0.00473793880131481710 0.00016024429869709842
881 -0.00489749133896652530 0.00016024429869709842
882 -0.00505702433733518090 0.00016024429869709842
883 -0.00521653780429376380 0.00016024429869709842
884 -0.00537603174771514310 0.00016024429869709842
885 -0.00553550617547221570 0.00016024429869709842
886 -0.00569496109543793370 0.00016024429869709842
887 -0.00585439651548513850 0.00016024429869709842
888 -0.00601381244348675460 0.00016024429869709842
889 -0.00617320888731570650 0.00016024429869709842
890 -0.00633258585484489100 0.00016024429869709842
891 -0.00649194335394717710 0.00016024429869709842
892 -0.00665128139249551720 0.00016024429869709842
893 -0.00681059997836280790 0.00016024429869709842
894 -0.00696989911942191840 0.00016024429869709842
895 -0.00712917882354580090 0.00016024429869709842
896 -0.00728843909860732440 0.00016024429869709842
897 -0.00744767995247938570 0.00016024429869709842
898 -0.00760690139303493720 0.00016024429869709842
899 -0.00776610342814687550 0.00016024429869709842
900 -0.00792528606568804190 0.00016024429869709842
901 -0.00808444931353138880 0.00016024429869709842
902 -0.00824359317954984070 0.00016024429869709842
903 -0.00840271767161623880 0.00016024429869709842
904 -0.00856182279760353550 0.00016024429869709842
905 -0.00872090856538462740 0.00016024429869709842
906 -0.00887997498283243920 0.00016024429869709842
907 -0.00903902205781983990 0.00016024429869709842
908 -0.00919804979821972620 0.00016024429869709842
909 -0.00935705821190505050 0.00016024429869709842
910 -0.00951604730674868170 0.00016024429869709842
911 -0.00967501709062351670 0.00016024429869709842
912 -0.00983396757140247990 0.00016024429869709842
913 -0.00999289875695846820 0.00016024429869709842
914 -0.01015181065516440600 0.00016024429869709842
915 -0.01031070327389316300 0.00016024429869709842
916 -0.01046957662101769000 0.00016024429869709842
917 -0.01062843070441080200 0.00016024429869709842
918 -0.01078726553194550600 0.00016024429869709842
919 -0.01094608111149467100 0.00016024429869709842
920 -0.01110487745093116700 0.00016024429869709842
921 -0.01126365455812794500 0.00016024429869709842
922 -0.01142241244095787400 0.00016024429869709842
923 -0.01158115110729388000 0.00016024429869709842
924 -0.01173987056500885900 0.00016024429869709842
925 -0.01189857082197573500 0.00016024429869709842
926 -0.01205725188606737700 0.00016024429869709842
927 -0.01221591376515673800 0.00016024429869709842
928 -0.01237455646711666000 0.00016024429869709842
929 -0.01253317999982009300 0.00016024429869709842
930 -0.01269178437113990800 0.00016024429869709842
931 -0.01285036958894905700 0.00016024429869709842
932 -0.01300893566112040800 0.00016024429869709842
933 -0.01316748259552685800 0.00016024429869709842
934 -0.01332601040004136000 0.00016024429869709842
935 -0.01348451908253672800 0.00016024429869709842
936 -0.01364300865088599600 0.00016024429869709842
937 -0.01380147911296195100 0.00016024429869709842
938 -0.01395993047663757200 0.00016024429869709842
939 -0.01411836274978570100 0.00016024429869709842
940 -0.01427677594027926300 0.00016024429869709842
941 -0.01443517005599120900 0.00016024429869709842
942 -0.01459354510479443600 0.00016024429869709842
943 -0.01475190109456175900 0.00016024429869709842
944 -0.01491023803316618400 0.00016024429869709842
945 -0.01506855592848055400 0.00016024429869709842
946 -0.01522685478837781900 0.00016024429869709842
947 -0.01538513462073085000 0.00016024429869709842
948 -0.01554339543341259900 0.00016024429869709842
949 -0.01570163723429587900 0.00016024429869709842
950 -0.01585986003125367000 0.00016024429869709842
951 -0.01601806383215884100 0.00016024429869709842
952 -0.01617624864488431700 0.00016024429869709842
953 -0.01633441447730302200 0.00016024429869709842
954 -0.01649256133728782500 0.00016024429869709842
955 -0.01665068923271159600 0.00016024429869709842
956 -0.01680879817144731400 0.00016024429869709842
957 -0.01696688816136784900 0.00016024429869709842
958 -0.01712495921034612500 0.00016024429869709842
959 -0.01728301132625501000 0.00016024429869709842
960 -0.01744104451696745800 0.00016024429869709842
961 -0.01759905879035630900 0.00016024429869709842
962 -0.01775705415429448800 0.00016024429869709842
963 -0.01791503061665494800 0.00016024429869709842
964 -0.01807298818531055700 0.00016024429869709842
965 -0.01823092686813421200 0.00016024429869709842
966 -0.01838884667299883800 0.00016024429869709842
967 -0.01854674760777730300 0.00016024429869709842
968 -0.01870462968034256000 0.00016024429869709842
969 -0.01886249289856747900 0.00016024429869709842
970 -0.01902033727032495500 0.00016024429869709842
971 -0.01917816280348794100 0.00016024429869709842
972 -0.01933596950592933500 0.00016024429869709842
973 -0.01949375738552197600 0.00016024429869709842
974 -0.01965152645013881800 0.00016024429869709842
975 -0.01980927670765278400 0.00016024429869709842
976 -0.01996700816593674500 0.00016024429869709842
977 -0.02012472083286359600 0.00016024429869709842
978 -0.02028241471630626300 0.00016024429869709842
979 -0.02044008982413764200 0.00016024429869709842
980 -0.02059774616423068500 0.00016024429869709842
981 -0.02075538374445820600 0.00016024429869709842
982 -0.02091300257269318500 0.00016024429869709842
983 -0.02107060265680849000 0.00016024429869709842
984 -0.02122818400467702000 0.00016024429869709842
985 -0.02138574662417172500 0.00016024429869709842
986 -0.02154329052316542000 0.00016024429869709842
987 -0.02170081570953111300 0.00016024429869709842
988 -0.02185832219114164400 0.00016024429869709842
989 -0.02201580997586996500 0.00016024429869709842
990 -0.02217327907158889200 0.00016024429869709842
991 -0.02233072948617143000 0.00016024429869709842
992 -0.02248816122749045000 0.00016024429869709842
993 -0.02264557430341881900 0.00016024429869709842
994 -0.02280296872182949200 0.00016024429869709842
995 -0.02296034449059533600 0.00016024429869709842
996 -0.02311770161758930400 0.00016024429869709842
997 -0.02327504011068420900 0.00016024429869709842
998 -0.02343235997775308700 0.00016024429869709842
999 -0.02358966122666872300 0.00016024429869709842
1000 -0.02374694386530407100 0.00016024429869709842
1001 -0.02390420790153202600 0.00016024429869709842
1002 -0.02406145334322551400 0.00016024429869709842
1003 -0.02421868019825743100 0.00016024429869709842
1004 -0.02437588847450064500 0.00016024429869709842
1005 -0.02453307817982811100 0.00016024429869709842
1006 -0.02469024932211269500 0.00016024429869709842
1007 -0.02484740190922732400 0.00016024429869709842
1008 -0.02500453594904489300 0.00016024429869709842
1009 -0.02516165144943832700 0.00016024429869709842
1010 -0.02531874841828049600 0.00016024429869709842
1011 -0.02547582686344432300 0.00016024429869709842
1012 -0.02563288679280276100 0.00016024429869709842
1013 -0.02578992821422859700 0.00016024429869709842
1014 -0.02594695113559483700 0.00016024429869709842
1015 -0.02610395556477435000 0.00016024429869709842
1016 -0.02626094150964003400 0.00016024429869709842
1017 -0.02641790897806478600 0.00016024429869709842
1018 -0.02657485797792155700 0.00016024429869709842
1019 -0.02673178851708321600 0.00016024429869709842
1020 -0.02688870060342266100 0.00016024429869709842
1021 -0.02704559424481278700 0.00016024429869709842
1022 -0.02720246944912652100 0.00016024429869709842
1023 -0.02735932622423681300 0.00016024429869709842
1024 -0.02751616457801647800 0.00016024429869709842
1025 -0.02767298451833843900 0.00016024429869709842
1026 -0.02782978605307567800 0.00016024429869709842
1027 -0.02798656919010103500 0.00016024429869709842
1028 -0.02814333393728737900 0.00016024429869709842
1029 -0.02830008030250769100 0.00016024429869709842
1030 -0.02845680829363483900 0.00016024429869709842
1031 -0.02861351791854174800 0.00016024429869709842
1032 -0.02877020918510128600 0.00016024429869709842
1033 -0.02892688210118638000 0.00016024429869709842
1034 -0.02908353667466992400 0.00016024429869709842
1035 -0.02924017291342484400 0.00016024429869709842
1036 -0.02939679082532403700 0.00016024429869709842
1037 -0.02955339041824037200 0.00016024429869709842
1038 -0.02970997170004677200 0.00016024429869709842
1039 -0.02986653467861619100 0.00016024429869709842
1040 -0.03002307936182147000 0.00016024429869709842
1041 -0.03017960575753558800 0.00016024429869709842
1042 -0.03033611387363136000 0.00016024429869709842
1043 -0.03049260371798173700 0.00016024429869709842
1044 -0.03064907529845956000 0.00016024429869709842
1045 -0.03080552862293786700 0.00016024429869709842
1046 -0.03096196369928944100 0.00016024429869709842
1047 -0.03111838053538723600 0.00016024429869709842
1048 -0.03127477913910417500 0.00016024429869709842
1049 -0.03143115951831310100 0.00016024429869709842
1050 -0.03158752168088696500 0.00016024429869709842
1051 -0.03174386563469869200 0.00016024429869709842
1052 -0.03190019138762109600 0.00016024429869709842
1053 -0.03205649894752718400 0.00016024429869709842
1054 -0.03221278832228979800 0.00016024429869709842
1055 -0.03236905951978189000 0.00016024429869709842
1056 -0.03252531254787632800 0.00016024429869709842
1057 -0.03268154741444601100 0.00016024429869709842
1058 -0.03283776412736386100 0.00016024429869709842
1059 -0.03299396269450277600 0.00016024429869709842
1060 -0.03315014312373565400 0.00016024429869709842
1061 -0.03330630542293541700 0.00016024429869709842
1062 -0.03346244959997496400 0.00016024429869709842
1063 -0.03361857566272721800 0.00016024429869709842
1064 -0.03377468361906502100 0.00016024429869709842
1065 -0.03393077347686132600 0.00016024429869709842
1066 -0.03408684524398902800 0.00016024429869709842
1067 -0.03424289892832105300 0.00016024429869709842
1068 -0.03439893453773026900 0.00016024429869709842
1069 -0.03455495208008960200 0.00016024429869709842
1070 -0.03471095156327194700 0.00016024429869709842
1071 -0.03486693299515020200 0.00016024429869709842
1072 -0.03502289638359729100 0.00016024429869709842
1073 -0.03517884173648611100 0.00016024429869709842
1074 -0.03533476906168955800 0.00016024429869709842
1075 -0.03549067836708055800 0.00016024429869709842
1076 -0.03564656966053197900 0.00016024429869709842
1077 -0.03580244294991674600 0.00016024429869709842
1078 -0.03595829824310775600 0.00016024429869709842
1079 -0.03611413554797793200 0.00016024429869709842
1080 -0.03626995487240020100 0.00016024429869709842
1081 -0.03642575622424740200 0.00016024429869709842
1082 -0.03658153961139246100 0.00016024429869709842
1083 -0.03673730504170830100 0.00016024429869709842
1084 -0.03689305252306784900 0.00016024429869709842
1085 -0.03704878206334394400 0.00016024429869709842
1086 -0.03720449367040951100 0.00016024429869709842
1087 -0.03736018735213750300 0.00016024429869709842
1088 -0.03751586311640076100 0.00016024429869709842
1089 -0.03767152097107223700 0.00016024429869709842
1090 -0.03782716092402480000 0.00016024429869709842
1091 -0.03798278298313140200 0.00016024429869709842
1092 -0.03813838715626485800 0.00016024429869709842
1093 -0.03829397345129817400 0.00016024429869709842
1094 -0.03844954187610422100 0.00016024429869709842
1095 -0.03860509243855586600 0.00016024429869709842
1096 -0.03876062514652603400 0.00016024429869709842
1097 -0.03891614000788765100 0.00016024429869709842
1098 -0.03907163703051361200 0.00016024429869709842
1099 -0.03922711622227678700 0.00016024429869709842
1100 -0.03938257759105015500 0.00016024429869709842
1101 -0.03953802114470653100 0.00016024429869709842
1102 -0.03969344689111889400 0.00016024429869709842
1103 -0.03984885483816011400 0.00016024429869709842
1104 -0.04000424499370308600 0.00016024429869709842
1105 -0.04015961736562073700 0.00016024429869709842
1106 -0.04031497196178593400 0.00016024429869709842
1107 -0.04047030879007165700 0.00016024429869709842
1108 -0.04062562785835072100 0.00016024429869709842
1109 -0.04078092917449607800 0.00016024429869709842
1110 -0.04093621274638065100 0.00016024429869709842
1111 -0.04109147858187728300 0.00016024429869709842
1112 -0.04124672668885892600 0.00016024429869709842
1113 -0.04140195707519847600 0.00016024429869709842
1114 -0.04155716974876883000 0.00016024429869709842
1115 -0.04171236471744291200 0.00016024429869709842
1116 -0.04186754198909359300 0.00016024429869709842
1117 -0.04202270157159382300 0.00016024429869709842
1118 -0.04217784347281644500 0.00016024429869709842
1119 -0.04233296770063438300 0.00016024429869709842
1120 -0.04248807426292061700 0.00016024429869709842
1121 -0.04264316316754795900 0.00016024429869709842
1122 -0.04279823442238930900 0.00016024429869709842
1123 -0.04295328803531764400 0.00016024429869709842
1124 -0.04310832401420583400 0.00016024429869709842
1125 -0.04326334236692677700 0.00016024429869709842
1126 -0.04341834310135336800 0.00016024429869709842
1127 -0.04357332622535853300 0.00016024429869709842
1128 -0.04372829174681516800 0.00016024429869709842
1129 -0.04388323967359619700 0.00016024429869709842
1130 -0.04403817001357446200 0.00016024429869709842
1131 -0.04419308277462294400 0.00016024429869709842
1132 -0.04434797796461448200 0.00016024429869709842
1133 -0.04450285559142203000 0.00016024429869709842
1134 -0.04465771566291848500 0.00016024429869709842
1135 -0.04481255818697671400 0.00016024429869709842
1136 -0.04496738317146967100 0.00016024429869709842
1137 -0.04512219062427022500 0.00016024429869709842
1138 -0.04527698055325127300 0.00016024429869709842
1139 -0.04543175296628576600 0.00016024429869709842
1140 -0.04558650787124657300 0.00016024429869709842
1141 -0.04574124527600662000 0.00016024429869709842
1142 -0.04589596518843877500 0.00016024429869709842
1143 -0.04605066761641599100 0.00016024429869709842
1144 -0.04620535256781113700 0.00016024429869709842
1145 -0.04636002005049710800 0.00016024429869709842
1146 -0.04651467007234685900 0.00016024429869709842
1147 -0.04666930264123325700 0.00016024429869709842
1148 -0.04682391776502917200 0.00016024429869709842
1149 -0.04697851545160761100 0.00016024429869709842
1150 -0.04713309570884136000 0.00016024429869709842
1151 -0.04728765854460342800 0.00016024429869709842
1152 -0.04744220396676662700 0.00016024429869709842
1153 -0.04759673198320391000 0.00016024429869709842
1154 -0.04775124260178820200 0.00016024429869709842
1155 -0.04790573583039234300 0.00016024429869709842
1156 -0.04806021167688934200 0.00016024429869709842
1157 -0.04821467014915198400 0.00016024429869709842
1158 -0.04836911125505322100 0.00016024429869709842
1159 -0.04852353500246600600 0.00016024429869709842
1160 -0.04867794139926318000 0.00016024429869709842
1161 -0.04883233045331764100 0.00016024429869709842
1162 -0.04898670217250233900 0.00016024429869709842
1163 -0.04914105656469020000 0.00016024429869709842
1164 -0.04929539363775403700 0.00016024429869709842
1165 -0.04944971339956683000 0.00016024429869709842
1166 -0.04960401585800147700 0.00016024429869709842
1167 -0.04975830102093081700 0.00016024429869709842
1168 -0.04991256889622780500 0.00016024429869709842
1169 -0.05006681949176539100 0.00016024429869709842
1170 -0.05022105281541638900 0.00016024429869709842
1171 -0.05037526887505375300 0.00016024429869709842
1172 -0.05052946767855040500 0.00016024429869709842
1173 -0.05068364923377918800 0.00016024429869709842
1174 -0.05083781354861305300 0.00016024429869709842
1175 -0.05099196063092489900 0.00016024429869709842
1176 -0.05114609048858762000 0.00016024429869709842
1177 -0.05130020312947414200 0.00016024429869709842
1178 -0.05145429856145733400 0.00016024429869709842
1179 -0.05160837679241012100 0.00016024429869709842
1180 -0.05176243783020539900 0.00016024429869709842
1181 -0.05191648168271609200 0.00016024429869709842
1182 -0.05207050835781509800 0.00016024429869709842
1183 -0.05222451786337528600 0.00016024429869709842
1184 -0.05237851020726963500 0.00016024429869709842
1185 -0.05253248539737095900 0.00016024429869709842
1186 -0.05268644344155221100 0.00016024429869709842
1187 -0.05284038434768634200 0.00016024429869709842
1188 -0.05299430812364616700 0.00016024429869709842
1189 -0.05314821477730460900 0.00016024429869709842
1190 -0.05330210431653462100 0.00016024429869709842
1191 -0.05345597674920904400 0.00016024429869709842
1192 -0.05360983208320085900 0.00016024429869709842
1193 -0.05376367032638290600 0.00016024429869709842
1194 -0.05391749148662813900 0.00016024429869709842
1195 -0.05407129557180936900 0.00016024429869709842
1196 -0.05422508258979963400 0.00016024429869709842
1197 -0.05437885254847171800 0.00016024429869709842
1198 -0.05453260545569862900 0.00016024429869709842
1199 -0.05468634131935321000 0.00016024429869709842
1200 -0.05484006014730835600 0.00016024429869709842
1201 -0.05499376194743702000 0.00016024429869709842
1202 -0.05514744672761204300 0.00016024429869709842
1203 -0.05530111449570637700 0.00016024429869709842
1204 -0.05545476525959292000 0.00016024429869709842
1205 -0.05560839902714456700 0.00016024429869709842
1206 -0.05576201580623421600 0.00016024429869709842
1207 -0.05591561560473479200 0.00016024429869709842
1208 -0.05606919843051921800 0.00016024429869709842
1209 -0.05622276429146030900 0.00016024429869709842
1210 -0.05637631319543104400 0.00016024429869709842
1211 -0.05652984515030434800 0.00016024429869709842
1212 -0.05668336016395303400 0.00016024429869709842
1213 -0.05683685824425011000 0.00016024429869709842
1214 -0.05699033939906841800 0.00016024429869709842
1215 -0.05714380363628085400 0.00016024429869709842
1216 -0.05729725096376039900 0.00016024429869709842
1217 -0.05745068138937986500 0.00016024429869709842
1218 -0.05760409492101220600 0.00016024429869709842
1219 -0.05775749156653031700 0.00016024429869709842
1220 -0.05791087133380706800 0.00016024429869709842
1221 -0.05806423423071543900 0.00016024429869709842
1222 -0.05821758026512827100 0.00016024429869709842
1223 -0.05837090944491846200 0.00016024429869709842
1224 -0.05852422177795899000 0.00016024429869709842
1225 -0.05867751727212269800 0.00016024429869709842
1226 -0.05883079593528250900 0.00016024429869709842
1227 -0.05898405777531129400 0.00016024429869709842
1228 -0.05913730280008203100 0.00016024429869709842
1229 -0.05929053101746756300 0.00016024429869709842
1230 -0.05944374243534081300 0.00016024429869709842
1231 -0.05959693706157467900 0.00016024429869709842
1232 -0.05975011490404205600 0.00016024429869709842
1233 -0.05990327597061587100 0.00016024429869709842
1234 -0.06005642026916902000 0.00016024429869709842
1235 -0.06020954780757439800 0.00016024429869709842
1236 -0.06036265859370493200 0.00016024429869709842
1237 -0.06051575263543354500 0.00016024429869709842
1238 -0.06066882994063307900 0.00016024429869709842
1239 -0.06082189051717645800 0.00016024429869709842
1240 -0.06097493437293663400 0.00016024429869709842
1241 -0.06112796151578642200 0.00016024429869709842
1242 -0.06128097195359880100 0.00016024429869709842
1243 -0.06143396569424666700 0.00016024429869709842
1244 -0.06158694274560289100 0.00016024429869709842
1245 -0.06173990311554042300 0.00016024429869709842
1246 -0.06189284681193210600 0.00016024429869709842
1247 -0.06204577384265092000 0.00016024429869709842
1248 -0.06219868421556973300 0.00016024429869709842
1249 -0.06235157793856138700 0.00016024429869709842
1250 -0.06250445501949888900 0.00016024429869709842
1251 -0.06265731546625510900 0.00016024429869709842
1252 -0.06281015928670291600 0.00016024429869709842
1253 -0.06296298648871523400 0.00016024429869709842
1254 -0.06311579708016498700 0.00016024429869709842
1255 -0.06326859106892507300 0.00016024429869709842
1256 -0.06342136846286838800 0.00016024429869709842
1257 -0.06357412926986785700 0.00016024429869709842
1258 -0.06372687349779632100 0.00016024429869709842
1259 -0.06387960115452676100 0.00016024429869709842
1260 -0.06403231224793201600 0.00016024429869709842
1261 -0.06418500678588506800 0.00016024429869709842
1262 -0.06433768477625875800 0.00016024429869709842
1263 -0.06449034622692598200 0.00016024429869709842
1264 -0.06464299114575972100 0.00016024429869709842
1265 -0.06479561954063278700 0.00016024429869709842
1266 -0.06494823141941813400 0.00016024429869709842
1267 -0.06510082678998868600 0.00016024429869709842
1268 -0.06525340566021731200 0.00016024429869709842
1269 -0.06540596803797688000 0.00016024429869709842
1270 -0.06555851393114040000 0.00016024429869709842
1271 -0.06571104334758071100 0.00016024429869709842
1272 -0.06586355629517068300 0.00016024429869709842
1273 -0.06601605278178329600 0.00016024429869709842
1274 -0.06616853281529136400 0.00016024429869709842
1275 -0.06632099640356792200 0.00016024429869709842
1276 -0.06647344355448572800 0.00016024429869709842
1277 -0.06662587427591781800 0.00016024429869709842
1278 -0.06677828857573700500 0.00016024429869709842
1279 -0.06693068646181624100 0.00016024429869709842
1280 -0.06708306794202836800 0.00016024429869709842
1281 -0.06723543302424636600 0.00016024429869709842
1282 -0.06738778171634310400 0.00016024429869709842
1283 -0.06754011402619150600 0.00016024429869709842
1284 -0.06769242996166444100 0.00016024429869709842
1285 -0.06784472953063486200 0.00016024429869709842
1286 -0.06799701274097558200 0.00016024429869709842
1287 -0.06814927960055963700 0.00016024429869709842
1288 -0.06830153011725981200 0.00016024429869709842
1289 -0.06845376429894911600 0.00016024429869709842
1290 -0.06860598215350036100 0.00016024429869709842
1291 -0.06875818368878650100 0.00016024429869709842
1292 -0.06891036891268040300 0.00016024429869709842
1293 -0.06906253783305504900 0.00016024429869709842
1294 -0.06921469045778327900 0.00016024429869709842
1295 -0.06936682679473796200 0.00016024429869709842
1296 -0.06951894685179210700 0.00016024429869709842
1297 -0.06967105063681852700 0.00016024429869709842
1298 -0.06982313815769017300 0.00016024429869709842
1299 -0.06997520942227991600 0.00016024429869709842
1300 -0.07012726443846073500 0.00016024429869709842
1301 -0.07027930321410544300 0.00016024429869709842
1302 -0.07043132575708699300 0.00016024429869709842
1303 -0.07058333207527825400 0.00016024429869709842
1304 -0.07073532217655220700 0.00016024429869709842
1305 -0.07088729606878163600 0.00016024429869709842
1306 -0.07103925375983957700 0.00016024429869709842
1307 -0.07119119525759884400 0.00016024429869709842
1308 -0.07134312056993238900 0.00016024429869709842
1309 -0.07149502970471308100 0.00016024429869709842
1310 -0.07164692266981384500 0.00016024429869709842
1311 -0.07179879947310757700 0.00016024429869709842
1312 -0.07195066012246717500 0.00016024429869709842
1313 -0.07210250462576556200 0.00016024429869709842
1314 -0.07225433299087566400 0.00016024429869709842
1315 -0.07240614522567032100 0.00016024429869709842
1316 -0.07255794133802245800 0.00016024429869709842
1317 -0.07270972133580502800 0.00016024429869709842
1318 -0.07286148522689087100 0.00016024429869709842
1319 -0.07301323301915294000 0.00016024429869709842
1320 -0.07316496472046410400 0.00016024429869709842
1321 -0.07331668033869731500 0.00016024429869709842
1322 -0.07346837988172541500 0.00016024429869709842
1323 -0.07362006335742132800 0.00016024429869709842
1324 -0.07377173077365800600 0.00016024429869709842
1325 -0.07392338213830829100 0.00016024429869709842
1326 -0.07407501745924510700 0.00016024429869709842
1327 -0.07422663674434137900 0.00016024429869709842
1328 -0.07437824000147000300 0.00016024429869709842
1329 -0.07452982723850390400 0.00016024429869709842
1330 -0.07468139846331589600 0.00016024429869709842
1331 -0.07483295368377895800 0.00016024429869709842
1332 -0.07498449290776604300 0.00016024429869709842
1333 -0.07513601614314996400 0.00016024429869709842
1334 -0.07528752339780364600 0.00016024429869709842
1335 -0.07543901467959998600 0.00016024429869709842
1336 -0.07559048999641193600 0.00016024429869709842
1337 -0.07574194935611236500 0.00016024429869709842
1338 -0.07589339276657416900 0.00016024429869709842
1339 -0.07604482023567027400 0.00016024429869709842
1340 -0.07619623177127360400 0.00016024429869709842
1341 -0.07634762738125702700 0.00016024429869709842
1342 -0.07649900707349344100 0.00016024429869709842
1343 -0.07665037085585579800 0.00016024429869709842
1344 -0.07680171873621694000 0.00016024429869709842
1345 -0.07695305072244979000 0.00016024429869709842
1346 -0.07710436682242730000 0.00016024429869709842
1347 -0.07725566704402228600 0.00016024429869709842
1348 -0.07740695139510778100 0.00016024429869709842
1349 -0.07755821988355654500 0.00016024429869709842
1350 -0.07770947251724158500 0.00016024429869709842
1351 -0.07786070930403576900 0.00016024429869709842
1352 -0.07801193025181199500 0.00016024429869709842
1353 -0.07816313536844321500 0.00016024429869709842
1354 -0.07831432466180224300 0.00016024429869709842
1355 -0.07846549813976208500 0.00016024429869709842
1356 -0.07861665581019555700 0.00016024429869709842
1357 -0.07876779768097561000 0.00016024429869709842
1358 -0.07891892375997514000 0.00016024429869709842
1359 -0.07907003405506707300 0.00016024429869709842
1360 -0.07922112857412425000 0.00016024429869709842
1361 -0.07937220732501962300 0.00016024429869709842
1362 -0.07952327031562614300 0.00016024429869709842
1363 -0.07967431755381662600 0.00016024429869709842
1364 -0.07982534904746402300 0.00016024429869709842
1365 -0.07997636480444120200 0.00016024429869709842
1366 -0.08012736483262111700 0.00016024429869709842
1367 -0.08027834913987663700 0.00016024429869709842
1368 -0.08042931773408068500 0.00016024429869709842
1369 -0.08058027062310618700 0.00016024429869709842
1370 -0.08073120781482595600 0.00016024429869709842
1371 -0.08088212931711300000 0.00016024429869709842
1372 -0.08103303513784021500 0.00016024429869709842
1373 -0.08118392528488041500 0.00016024429869709842
1374 -0.08133479976610658000 0.00016024429869709842
1375 -0.08148565858939158000 0.00016024429869709842
1376 -0.08163650176260836600 0.00016024429869709842
1377 -0.08178732929362980700 0.00016024429869709842
1378 -0.08193814119032882800 0.00016024429869709842
1379 -0.08208893746057829800 0.00016024429869709842
1380 -0.08223971811225111500 0.00016024429869709842
1381 -0.08239048315322025600 0.00016024429869709842
1382 -0.08254123259135856500 0.00016024429869709842
1383 -0.08269196643453896600 0.00016024429869709842
1384 -0.08284268469063435500 0.00016024429869709842
1385 -0.08299338736751762900 0.00016024429869709842
1386 -0.08314407447306168500 0.00016024429869709842
1387 -0.08329474601513947600 0.00016024429869709842
1388 -0.08344540200162387000 0.00016024429869709842
1389 -0.08359604244038779100 0.00016024429869709842
1390 -0.08374666733930408200 0.00016024429869709842
1391 -0.08389727670624574900 0.00016024429869709842
1392 -0.08404787054908560700 0.00016024429869709842
1393 -0.08419844887569660800 0.00016024429869709842
1394 -0.08434901169395164800 0.00016024429869709842
1395 -0.08449955901172365200 0.00016024429869709842
1396 -0.08465009083688548900 0.00016024429869709842
1397 -0.08480060717731002800 0.00016024429869709842
1398 -0.08495110804087024900 0.00016024429869709842
1399 -0.08510159343543902100 0.00016024429869709842
1400 -0.08525206336888926900 0.00016024429869709842
1401 -0.08540251784909389000 0.00016024429869709842
1402 -0.08555295688392572400 0.00016024429869709842
1403 -0.08570338048125780700 0.00016024429869709842
1404 -0.08585378864896292500 0.00016024429869709842
1405 -0.08600418139491403100 0.00016024429869709842
1406 -0.08615455872698404800 0.00016024429869709842
1407 -0.08630492065304584700 0.00016024429869709842
1408 -0.08645526718097235100 0.00016024429869709842
1409 -0.08660559831863642900 0.00016024429869709842
1410 -0.08675591407391106100 0.00016024429869709842
1411 -0.08690621445466906200 0.00016024429869709842
1412 -0.08705649946878332700 0.00016024429869709842
1413 -0.08720676912412689300 0.00016024429869709842
1414 -0.08735702342857257200 0.00016024429869709842
1415 -0.08750726238999323400 0.00016024429869709842
1416 -0.08765748601626188700 0.00016024429869709842
1417 -0.08780769431525131700 0.00016024429869709842
1418 -0.08795788729483453000 0.00016024429869709842
1419 -0.08810806496288436900 0.00016024429869709842
1420 -0.08825822732727373100 0.00016024429869709842
1421 -0.08840837439587559400 0.00016024429869709842
1422 -0.08855850617656280100 0.00016024429869709842
1423 -0.08870862267720824900 0.00016024429869709842
1424 -0.08885872390568488900 0.00016024429869709842
1425 -0.08900880986986559100 0.00016024429869709842
1426 -0.08915888057762325100 0.00016024429869709842
1427 -0.08930893603683082200 0.00016024429869709842
1428 -0.08945897625536114500 0.00016024429869709842
1429 -0.08960900124108717200 0.00016024429869709842
1430 -0.08975901100188180000 0.00016024429869709842
1431 -0.08990900554561792600 0.00016024429869709842
1432 -0.09005898488016844700 0.00016024429869709842
1433 -0.09020894901340625900 0.00016024429869709842
1434 -0.09035889795320434200 0.00016024429869709842
1435 -0.09050883170743548300 0.00016024429869709842
1436 -0.09065875028397266100 0.00016024429869709842
1437 -0.09080865369068874500 0.00016024429869709842
1438 -0.09095854193545666000 0.00016024429869709842
1439 -0.09110841502614933100 0.00016024429869709842
1440 -0.09125827297063959800 0.00016024429869709842
1441 -0.09140811577680044200 0.00016024429869709842
1442 -0.09155794345250470300 0.00016024429869709842
1443 -0.09170775600562533500 0.00016024429869709842
1444 -0.09185755344403523400 0.00016024429869709842
1445 -0.09200733577560726900 0.00016024429869709842
1446 -0.09215710300821439200 0.00016024429869709842
1447 -0.09230685514972947200 0.00016024429869709842
1448 -0.09245659220802540700 0.00016024429869709842
1449 -0.09260631419097512000 0.00016024429869709842
1450 -0.09275602110645150800 0.00016024429869709842
1451 -0.09290571296232749700 0.00016024429869709842
1452 -0.09305538976647595400 0.00016024429869709842
1453 -0.09320505152676983300 0.00016024429869709842
1454 -0.09335469825108200200 0.00016024429869709842
1455 -0.09350432994728535800 0.00016024429869709842
1456 -0.09365394662325285400 0.00016024429869709842
1457 -0.09380354828685733000 0.00016024429869709842
1458 -0.09395313494597173900 0.00016024429869709842
1459 -0.09410270660846897800 0.00016024429869709842
1460 -0.09425226328222191500 0.00016024429869709842
1461 -0.09440180497510350400 0.00016024429869709842
1462 -0.09455133169498658500 0.00016024429869709842
1463 -0.09470084344974413800 0.00016024429869709842
1464 -0.09485034024724900400 0.00016024429869709842
1465 -0.09499982209537419200 0.00016024429869709842
1466 -0.09514928900199246000 0.00016024429869709842
1467 -0.09529874097497675900 0.00016024429869709842
1468 -0.09544817802220007000 0.00016024429869709842
1469 -0.09559760015153526100 0.00016024429869709842
1470 -0.09574700737085517500 0.00016024429869709842
1471 -0.09589639968803276300 0.00016024429869709842
1472 -0.09604577711094095000 0.00016024429869709842
1473 -0.09619513964745263200 0.00016024429869709842
1474 -0.09634448730544067900 0.00016024429869709842
1475 -0.09649382009277804300 0.00016024429869709842
1476 -0.09664313801733756500 0.00016024429869709842
1477 -0.09679244108699217000 0.00016024429869709842
1478 -0.09694172930961481000 0.00016024429869709842
1479 -0.09709100269307835400 0.00016024429869709842
1480 -0.09724026124525572700 0.00016024429869709842
1481 -0.09738950497401976900 0.00016024429869709842
1482 -0.09753873388724348900 0.00016024429869709842
1483 -0.09768794799279970100 0.00016024429869709842
1484 -0.09783714729856132800 0.00016024429869709842
1485 -0.09798633181240132300 0.00016024429869709842
1486 -0.09813550154219255500 0.00016024429869709842
1487 -0.09828465649580789300 0.00016024429869709842
1488 -0.09843379668112031700 0.00016024429869709842
1489 -0.09858292210600266800 0.00016024429869709842
1490 -0.09873203277832787200 0.00016024429869709842
1491 -0.09888112870596885200 0.00016024429869709842
1492 -0.09903020989679850400 0.00016024429869709842
1493 -0.09917927635868970000 0.00016024429869709842
1494 -0.09932832809951541700 0.00016024429869709842
1495 -0.09947736512714844300 0.00016024429869709842
1496 -0.09962638744946178400 0.00016024429869709842
1497 -0.09977539507432833800 0.00016024429869709842
1498 -0.09992438800962094600 0.00016024429869709842
1499 -0.10007336626321256000 0.00016024429869709842
1500 -0.10022232984297608000 0.00016024429869709842
1501 -0.10037127875678439000 0.00016024429869709842
1502 -0.10052021301251041000 0.00016024429869709842
1503 -0.10066913261802707000 0.00016024429869709842
1504 -0.10081803758120722000 0.00016024429869709842
1505 -0.10096692790992379000 0.00016024429869709842
1506 -0.10111580361204972000 0.00016024429869709842
1507 -0.10126466469545783000 0.00016024429869709842
1508 -0.10141351116802111000 0.00016024429869709842
1509 -0.10156234303761241000 0.00016024429869709842
1510 -0.10171116031210467000 0.00016024429869709842
1511 -0.10185996299937075000 0.00016024429869709842
1512 -0.10200875110728364000 0.00016024429869709842
1513 -0.10215752464371611000 0.00016024429869709842
1514 -0.10230628361654118000 0.00016024429869709842
1515 -0.10245502803363171000 0.00016024429869709842
1516 -0.10260375790286064000 0.00016024429869709842
1517 -0.10275247323210079000 0.00016024429869709842
1518 -0.10290117402922516000 0.00016024429869709842
1519 -0.10304986030210661000 0.00016024429869709842
1520 -0.10319853205861801000 0.00016024429869709842
1521 -0.10334718930663234000 0.00016024429869709842
1522 -0.10349583205402246000 0.00016024429869709842
1523 -0.10364446030866131000 0.00016024429869709842
1524 -0.10379307407842170000 0.00016024429869709842
1525 -0.10394167337117663000 0.00016024429869709842
1526 -0.10409025819479895000 0.00016024429869709842
1527 -0.10423882855716163000 0.00016024429869709842
1528 -0.10438738446613752000 0.00016024429869709842
1529 -0.10453592592959954000 0.00016024429869709842
1530 -0.10468445295542056000 0.00016024429869709842
1531 -0.10483296555147356000 0.00016024429869709842
1532 -0.10498146372563139000 0.00016024429869709842
1533 -0.10512994748576693000 0.00016024429869709842
1534 -0.10527841683975311000 0.00016024429869709842
1535 -0.10542687179546290000 0.00016024429869709842
1536 -0.10557531236076914000 0.00016024429869709842
1537 -0.10572373854354472000 0.00016024429869709842
1538 -0.10587215035166253000 0.00016024429869709842
1539 -0.10602054779299558000 0.00016024429869709842
1540 -0.10616893087541668000 0.00016024429869709842
1541 -0.10631729960679875000 0.00016024429869709842
1542 -0.10646565399501468000 0.00016024429869709842
1543 -0.10661399404793742000 0.00016024429869709842
1544 -0.10676231977343986000 0.00016024429869709842
1545 -0.10691063117939487000 0.00016024429869709842
1546 -0.10705892827367541000 0.00016024429869709842
1547 -0.10720721106415437000 0.00016024429869709842
1548 -0.10735547955870467000 0.00016024429869709842
1549 -0.10750373376519912000 0.00016024429869709842
1550 -0.10765197369151069000 0.00016024429869709842
1551 -0.10780019934551227000 0.00016024429869709842
1552 -0.10794841073507683000 0.00016024429869709842
1553 -0.10809660786807718000 0.00016024429869709842
1554 -0.10824479075238630000 0.00016024429869709842
1555 -0.10839295939587701000 0.00016024429869709842
1556 -0.10854111380642228000 0.00016024429869709842
1557 -0.10868925399189511000 0.00016024429869709842
1558 -0.10883737996016812000 0.00016024429869709842
1559 -0.10898549171911454000 0.00016024429869709842
1560 -0.10913358927660699000 0.00016024429869709842
1561 -0.10928167264051863000 0.00016024429869709842
1562 -0.10942974181872217000 0.00016024429869709842
1563 -0.10957779681909058000 0.00016024429869709842
1564 -0.10972583764949678000 0.00016024429869709842
1565 -0.10987386431781371000 0.00016024429869709842
1566 -0.11002187683191417000 0.00016024429869709842
1567 -0.11016987519967114000 0.00016024429869709842
1568 -0.11031785942895750000 0.00016024429869709842
1569 -0.11046582952764616000 0.00016024429869709842
1570 -0.11061378550361006000 0.00016024429869709842
1571 -0.11076172736472201000 0.00016024429869709842
1572 -0.11090965511885503000 0.00016024429869709842
1573 -0.11105756877388195000 0.00016024429869709842
1574 -0.11120546833767569000 0.00016024429869709842
1575 -0.11135335381810918000 0.00016024429869709842
1576 -0.11150122522305528000 0.00016024429869709842
1577 -0.11164908256038697000 0.00016024429869709842
1578 -0.11179692583797701000 0.00016024429869709842
1579 -0.11194475506369850000 0.00016024429869709842
1580 -0.11209257024542418000 0.00016024429869709842
1581 -0.11224037139102699000 0.00016024429869709842
1582 -0.11238815850837991000 0.00016024429869709842
1583 -0.11253593160535574000 0.00016024429869709842
1584 -0.11268369068982748000 0.00016024429869709842
1585 -0.11283143576966798000 0.00016024429869709842
1586 -0.11297916685275017000 0.00016024429869709842
1587 -0.11312688394694692000 0.00016024429869709842
1588 -0.11327458706013116000 0.00016024429869709842
1589 -0.11342227620017575000 0.00016024429869709842
1590 -0.11356995137495374000 0.00016024429869709842
1591 -0.11371761259233781000 0.00016024429869709842
1592 -0.11386525986020107000 0.00016024429869709842
1593 -0.11401289318641633000 0.00016024429869709842
1594 -0.11416051257885645000 0.00016024429869709842
1595 -0.11430811804539442000 0.00016024429869709842
1596 -0.11445570959390311000 0.00016024429869709842
1597 -0.11460328723225538000 0.00016024429869709842
1598 -0.11475085096832427000 0.00016024429869709842
1599 -0.11489840080998254000 0.00016024429869709842
1600 -0.11504593676510316000 0.00016024429869709842
1601 -0.11519345884155896000 0.00016024429869709842
1602 -0.11534096704722296000 0.00016024429869709842
1603 -0.11548846138996804000 0.00016024429869709842
1604 -0.11563594187766707000 0.00016024429869709842
1605 -0.11578340851819291000 0.00016024429869709842
1606 -0.11593086131941854000 0.00016024429869709842
1607 -0.11607830028921678000 0.00016024429869709842
1608 -0.11622572543546067000 0.00016024429869709842
1609 -0.11637313676602301000 0.00016024429869709842
1610 -0.11652053428877673000 0.00016024429869709842
1611 -0.11666791801159482000 0.00016024429869709842
1612 -0.11681528794235002000 0.00016024429869709842
1613 -0.11696264408891527000 0.00016024429869709842
1614 -0.11710998645916360000 0.00016024429869709842
1615 -0.11725731506096776000 0.00016024429869709842
1616 -0.11740462990220080000 0.00016024429869709842
1617 -0.11755193099073552000 0.00016024429869709842
1618 -0.11769921833444486000 0.00016024429869709842
1619 -0.11784649194120167000 0.00016024429869709842
1620 -0.11799375181887900000 0.00016024429869709842
1621 -0.11814099797534960000 0.00016024429869709842
1622 -0.11828823041848646000 0.00016024429869709842
1623 -0.11843544915616244000 0.00016024429869709842
1624 -0.11858265419625047000 0.00016024429869709842
1625 -0.11872984554662347000 0.00016024429869709842
1626 -0.11887702321515431000 0.00016024429869709842
1627 -0.11902418720971591000 0.00016024429869709842
1628 -0.11917133753818115000 0.00016024429869709842
1629 -0.11931847420842295000 0.00016024429869709842
1630 -0.11946559722831424000 0.00016024429869709842
1631 -0.11961270660572787000 0.00016024429869709842
1632 -0.11975980234853678000 0.00016024429869709842
1633 -0.11990688446461395000 0.00016024429869709842
1634 -0.12005395296183213000 0.00016024429869709842
1635 -0.12020100784806431000 0.00016024429869709842
1636 -0.12034804913118341000 0.00016024429869709842
1637 -0.12049507681906230000 0.00016024429869709842
1638 -0.12064209091957390000 0.00016024429869709842
1639 -0.12078909144059108000 0.00016024429869709842
1640 -0.12093607838998682000 0.00016024429869709842
1641 -0.12108305177563394000 0.00016024429869709842
1642 -0.12123001160540542000 0.00016024429869709842
1643 -0.12137695788717406000 0.00016024429869709842
1644 -0.12152389062881291000 0.00016024429869709842
1645 -0.12167080983819478000 0.00016024429869709842
1646 -0.12181771552319254000 0.00016024429869709842
1647 -0.12196460769167916000 0.00016024429869709842
1648 -0.12211148635152752000 0.00016024429869709842
1649 -0.12225835151061060000 0.00016024429869709842
1650 -0.12240520317680120000 0.00016024429869709842
1651 -0.12255204135797221000 0.00016024429869709842
1652 -0.12269886606199659000 0.00016024429869709842
1653 -0.12284567729674728000 0.00016024429869709842
1654 -0.12299247507009714000 0.00016024429869709842
1655 -0.12313925938991910000 0.00016024429869709842
1656 -0.12328603026408602000 0.00016024429869709842
1657 -0.12343278770047084000 0.00016024429869709842
1658 -0.12357953170694647000 0.00016024429869709842
1659 -0.12372626229138572000 0.00016024429869709842
1660 -0.12387297946166165000 0.00016024429869709842
1661 -0.12401968322564705000 0.00016024429869709842
1662 -0.12416637359121485000 0.00016024429869709842
1663 -0.12431305056623798000 0.00016024429869709842
1664 -0.12445971415858931000 0.00016024429869709842
1665 -0.12460636437614181000 0.00016024429869709842
1666 -0.12475300122676830000 0.00016024429869709842
1667 -0.12489962471834171000 0.00016024429869709842
1668 -0.12504623485873501000 0.00016024429869709842
1669 -0.12519283165582096000 0.00016024429869709842
1670 -0.12533941511747265000 0.00016024429869709842
1671 -0.12548598525156285000 0.00016024429869709842
1672 -0.12563254206596447000 0.00016024429869709842
1673 -0.12577908556855050000 0.00016024429869709842
1674 -0.12592561576719380000 0.00016024429869709842
1675 -0.12607213266976719000 0.00016024429869709842
1676 -0.12621863628414370000 0.00016024429869709842
1677 -0.12636512661819621000 0.00016024429869709842
1678 -0.12651160367979758000 0.00016024429869709842
1679 -0.12665806747682068000 0.00016024429869709842
1680 -0.12680451801713849000 0.00016024429869709842
1681 -0.12695095530862399000 0.00016024429869709842
1682 -0.12709737935914989000 0.00016024429869709842
1683 -0.12724379017658921000 0.00016024429869709842
1684 -0.12739018776881483000 0.00016024429869709842
1685 -0.12753657214369968000 0.00016024429869709842
1686 -0.12768294330911661000 0.00016024429869709842
1687 -0.12782930127293857000 0.00016024429869709842
1688 -0.12797564604303852000 0.00016024429869709842
1689 -0.12812197762728922000 0.00016024429869709842
1690 -0.12826829603356371000 0.00016024429869709842
1691 -0.12841460126973481000 0.00016024429869709842
1692 -0.12856089334367543000 0.00016024429869709842
1693 -0.12870717226325851000 0.00016024429869709842
1694 -0.12885343803635696000 0.00016024429869709842
1695 -0.12899969067084366000 0.00016024429869709842
1696 -0.12914593017459147000 0.00016024429869709842
1697 -0.12929215655547338000 0.00016024429869709842
1698 -0.12943836982136225000 0.00016024429869709842
1699 -0.12958456998013101000 0.00016024429869709842
1700 -0.12973075703965253000 0.00016024429869709842
1701 -0.12987693100779973000 0.00016024429869709842
1702 -0.13002309189244554000 0.00016024429869709842
1703 -0.13016923970146282000 0.00016024429869709842
1704 -0.13031537444272445000 0.00016024429869709842
1705 -0.13046149612410346000 0.00016024429869709842
1706 -0.13060760475347261000 0.00016024429869709842
1707 -0.13075370033870493000 0.00016024429869709842
1708 -0.13089978288767318000 0.00016024429869709842
1709 -0.13104585240825034000 0.00016024429869709842
1710 -0.13119190890830940000 0.00016024429869709842
1711 -0.13133795239572316000 0.00016024429869709842
1712 -0.13148398287836449000 0.00016024429869709842
1713 -0.13163000036410644000 0.00016024429869709842
1714 -0.13177600486082180000 0.00016024429869709842
1715 -0.13192199637638352000 0.00016024429869709842
1716 -0.13206797491866440000 0.00016024429869709842
1717 -0.13221394049553753000 0.00016024429869709842
1718 -0.13235989311487562000 0.00016024429869709842
1719 -0.13250583278455175000 0.00016024429869709842
1720 -0.13265175951243874000 0.00016024429869709842
1721 -0.13279767330640940000 0.00016024429869709842
1722 -0.13294357417433683000 0.00016024429869709842
1723 -0.13308946212409384000 0.00016024429869709842
1724 -0.13323533716355329000 0.00016024429869709842
1725 -0.13338119930058817000 0.00016024429869709842
1726 -0.13352704854307129000 0.00016024429869709842
1727 -0.13367288489887563000 0.00016024429869709842
1728 -0.13381870837587401000 0.00016024429869709842
1729 -0.13396451898193945000 0.00016024429869709842
1730 -0.13411031672494478000 0.00016024429869709842
1731 -0.13425610161276297000 0.00016024429869709842
1732 -0.13440187365326683000 0.00016024429869709842
1733 -0.13454763285432936000 0.00016024429869709842
1734 -0.13469337922382335000 0.00016024429869709842
1735 -0.13483911276962179000 0.00016024429869709842
1736 -0.13498483349959756000 0.00016024429869709842
1737 -0.13513054142162356000 0.00016024429869709842
1738 -0.13527623654357274000 0.00016024429869709842
1739 -0.13542191887331795000 0.00016024429869709842
1740 -0.13556758841873212000 0.00016024429869709842
1741 -0.13571324518768813000 0.00016024429869709842
1742 -0.13585888918805888000 0.00016024429869709842
1743 -0.13600452042771732000 0.00016024429869709842
1744 -0.13615013891453631000 0.00016024429869709842
1745 -0.13629574465638883000 0.00016024429869709842
1746 -0.13644133766114769000 0.00016024429869709842
1747 -0.13658691793668581000 0.00016024429869709842
1748 -0.13673248549087613000 0.00016024429869709842
1749 -0.13687804033159157000 0.00016024429869709842
1750 -0.13702358246670499000 0.00016024429869709842
1751 -0.13716911190408931000 0.00016024429869709842
1752 -0.13731462865161737000 0.00016024429869709842
1753 -0.13746013271716223000 0.00016024429869709842
1754 -0.13760562410859667000 0.00016024429869709842
1755 -0.13775110283379360000 0.00016024429869709842
1756 -0.13789656890062602000 0.00016024429869709842
1757 -0.13804202231696672000 0.00016024429869709842
1758 -0.13818746309068863000 0.00016024429869709842
1759 -0.13833289122966469000 0.00016024429869709842
1760 -0.13847830674176781000 0.00016024429869709842
1761 -0.13862370963487086000 0.00016024429869709842
1762 -0.13876909991684672000 0.00016024429869709842
1763 -0.13891447759556835000 0.00016024429869709842
1764 -0.13905984267890870000 0.00016024429869709842
1765 -0.13920519517474056000 0.00016024429869709842
1766 -0.13935053509093687000 0.00016024429869709842
1767 -0.13949586243537060000 0.00016024429869709842
1768 -0.13964117721591457000 0.00016024429869709842
1769 -0.13978647944044176000 0.00016024429869709842
1770 -0.13993176911682498000 0.00016024429869709842
1771 -0.14007704625293715000 0.00016024429869709842
1772 -0.14022231085665132000 0.00016024429869709842
1773 -0.14036756293584018000 0.00016024429869709842
1774 -0.14051280249837678000 0.00016024429869709842
1775 -0.14065802955213402000 0.00016024429869709842
1776 -0.14080324410498474000 0.00016024429869709842
1777 -0.14094844616480190000 0.00016024429869709842
1778 -0.14109363573945838000 0.00016024429869709842
1779 -0.14123881283682704000 0.00016024429869709842
1780 -0.14138397746478082000 0.00016024429869709842
1781 -0.14152912963119268000 0.00016024429869709842
1782 -0.14167426934393546000 0.00016024429869709842
1783 -0.14181939661088205000 0.00016024429869709842
1784 -0.14196451143990541000 0.00016024429869709842
1785 -0.14210961383887838000 0.00016024429869709842
1786 -0.14225470381567401000 0.00016024429869709842
1787 -0.14239978137816500000 0.00016024429869709842
1788 -0.14254484653422433000 0.00016024429869709842
1789 -0.14268989929172499000 0.00016024429869709842
1790 -0.14283493965853983000 0.00016024429869709842
1791 -0.14297996764254167000 0.00016024429869709842
1792 -0.14312498325160355000 0.00016024429869709842
1793 -0.14326998649359829000 0.00016024429869709842
1794 -0.14341497737639886000 0.00016024429869709842
1795 -0.14355995590787807000 0.00016024429869709842
1796 -0.14370492209590896000 0.00016024429869709842
1797 -0.14384987594836424000 0.00016024429869709842
1798 -0.14399481747311699000 0.00016024429869709842
1799 -0.14413974667804003000 0.00016024429869709842
